timestamp,trumpd_percent,bidenj_percent,trumpd_count,bidenj_count,trumpd_delta,bidenj_delta
2020-11-04 04:11:07+00:00,0.395,0.583,2095,3093,,
2020-11-04 04:13:01+00:00,0.165,0.82,38148,189585,36053.0,186492.0
2020-11-04 04:13:33+00:00,0.218,0.765,72216,253418,34068.0,63833.0
2020-11-04 04:16:17+00:00,0.287,0.696,184408,447206,112192.0,193788.0
2020-11-04 04:17:37+00:00,0.344,0.638,485875,901128,301467.0,453922.0
2020-11-04 04:18:49+00:00,0.344,0.638,485876,901130,1.0,2.0
2020-11-04 04:22:42+00:00,0.324,0.658,583395,1184797,97519.0,283667.0
2020-11-04 04:23:21+00:00,0.324,0.658,583396,1184798,1.0,1.0
2020-11-04 04:23:50+00:00,0.299,0.683,670345,1531257,86949.0,346459.0
2020-11-04 04:25:00+00:00,0.269,0.714,1573291,4175948,902946.0,2644691.0
2020-11-04 04:26:07+00:00,0.264,0.719,1677065,4567461,103774.0,391513.0
2020-11-04 04:26:26+00:00,0.28,0.702,2062399,5170728,385334.0,603267.0
2020-11-04 04:27:33+00:00,0.28,0.702,2062420,5170782,21.0,54.0
2020-11-04 04:29:26+00:00,0.28,0.702,2062434,5170817,14.0,35.0
2020-11-04 04:31:22+00:00,0.283,0.699,2130223,5261574,67789.0,90757.0
2020-11-04 04:31:54+00:00,0.283,0.699,2130229,5261590,6.0,16.0
2020-11-04 04:33:41+00:00,0.281,0.702,2195774,5485529,65545.0,223939.0
2020-11-04 04:33:56+00:00,0.281,0.702,2196040,5486193,266.0,664.0
2020-11-04 04:37:06+00:00,0.282,0.7,2237072,5553016,41032.0,66823.0
2020-11-04 04:39:33+00:00,0.288,0.694,2394854,5770934,157782.0,217918.0
2020-11-04 04:40:48+00:00,0.29,0.692,2456754,5862322,61900.0,91388.0
2020-11-04 04:42:43+00:00,0.29,0.692,2456754,5862324,0.0,2.0
2020-11-04 04:44:44+00:00,0.29,0.692,2456780,5862386,26.0,62.0
2020-11-04 04:45:07+00:00,0.289,0.693,2480844,5948875,24064.0,86489.0
2020-11-04 04:47:41+00:00,0.289,0.693,2480847,5948883,3.0,8.0
2020-11-04 04:50:59+00:00,0.293,0.689,2764820,6501574,283973.0,552691.0
2020-11-04 04:51:08+00:00,0.297,0.685,2860232,6596832,95412.0,95258.0
2020-11-04 04:54:01+00:00,0.298,0.684,2888054,6628956,27822.0,32124.0
2020-11-04 04:56:05+00:00,0.298,0.684,2888092,6629044,38.0,88.0
2020-11-04 04:57:52+00:00,0.297,0.686,2905807,6711729,17715.0,82685.0
2020-11-04 05:00:50+00:00,0.297,0.686,2906299,6712866,492.0,1137.0
2020-11-04 05:03:07+00:00,0.297,0.685,2910901,6713695,4602.0,829.0
2020-11-04 05:09:19+00:00,0.297,0.685,2913068,6718692,2167.0,4997.0
2020-11-04 05:18:47+00:00,0.297,0.685,2929250,6756015,16182.0,37323.0
2020-11-04 05:21:28+00:00,0.297,0.685,2929257,6756031,7.0,16.0
2020-11-04 05:25:28+00:00,0.298,0.685,2944920,6769362,15663.0,13331.0
2020-11-04 05:25:50+00:00,0.298,0.685,2944930,6769387,10.0,25.0
2020-11-04 05:28:48+00:00,0.298,0.684,2956068,6785069,11138.0,15682.0
2020-11-04 05:30:22+00:00,0.298,0.684,2956101,6785145,33.0,76.0
2020-11-04 05:30:54+00:00,0.298,0.684,2956111,6785169,10.0,24.0
2020-11-04 05:31:37+00:00,0.299,0.683,2973100,6791396,16989.0,6227.0
2020-11-04 05:32:16+00:00,0.301,0.681,3031816,6859359,58716.0,67963.0
2020-11-04 05:32:58+00:00,0.301,0.681,3031824,6859376,8.0,17.0
2020-11-04 05:36:14+00:00,0.301,0.681,3031824,6859377,0.0,1.0
2020-11-04 05:38:12+00:00,0.301,0.68,3043017,6874590,11193.0,15213.0
2020-11-04 05:44:54+00:00,0.301,0.68,3044497,6877933,1480.0,3343.0
2020-11-04 05:45:05+00:00,0.301,0.68,3044504,6877949,7.0,16.0
2020-11-04 05:46:48+00:00,0.301,0.68,3045063,6879212,559.0,1263.0
2020-11-04 05:48:29+00:00,0.301,0.68,3052083,6895071,7020.0,15859.0
2020-11-04 05:51:56+00:00,0.301,0.68,3055385,6902530,3302.0,7459.0
2020-11-04 05:53:03+00:00,0.301,0.68,3055989,6903896,604.0,1366.0
2020-11-04 05:58:57+00:00,0.301,0.68,3056876,6905899,887.0,2003.0
2020-11-04 06:06:40+00:00,0.304,0.677,3119626,6947325,62750.0,41426.0
2020-11-04 06:07:13+00:00,0.304,0.677,3119991,6948138,365.0,813.0
2020-11-04 06:07:44+00:00,0.304,0.677,3119999,6948157,8.0,19.0
2020-11-04 06:10:54+00:00,0.304,0.677,3123714,6956429,3715.0,8272.0
2020-11-04 06:11:41+00:00,0.304,0.677,3123739,6956485,25.0,56.0
2020-11-04 06:16:50+00:00,0.308,0.673,3292942,7195291,169203.0,238806.0
2020-11-04 06:17:27+00:00,0.308,0.673,3292957,7195325,15.0,34.0
2020-11-04 06:18:41+00:00,0.308,0.673,3293167,7195785,210.0,460.0
2020-11-04 06:20:04+00:00,0.308,0.673,3293190,7195834,23.0,49.0
2020-11-04 06:20:49+00:00,0.308,0.673,3297190,7204573,4000.0,8739.0
2020-11-04 06:23:34+00:00,0.308,0.673,3298666,7207800,1476.0,3227.0
2020-11-04 06:25:11+00:00,0.308,0.673,3301068,7213048,2402.0,5248.0
2020-11-04 06:30:24+00:00,0.309,0.673,3329917,7252537,28849.0,39489.0
2020-11-04 06:30:39+00:00,0.309,0.673,3329991,7252699,74.0,162.0
2020-11-04 06:30:57+00:00,0.309,0.673,3330049,7252825,58.0,126.0
2020-11-04 06:33:06+00:00,0.309,0.673,3330049,7252826,0.0,1.0
2020-11-04 06:33:51+00:00,0.312,0.67,3390895,7281730,60846.0,28904.0
2020-11-04 06:34:58+00:00,0.312,0.67,3394797,7290109,3902.0,8379.0
2020-11-04 06:36:00+00:00,0.312,0.67,3394797,7290110,0.0,1.0
2020-11-04 06:37:23+00:00,0.312,0.67,3394798,7290111,1.0,1.0
2020-11-04 06:42:38+00:00,0.313,0.669,3418492,7306617,23694.0,16506.0
2020-11-04 06:45:20+00:00,0.313,0.669,3420349,7310586,1857.0,3969.0
2020-11-04 06:45:44+00:00,0.313,0.669,3420395,7310683,46.0,97.0
2020-11-04 06:45:56+00:00,0.313,0.669,3420622,7311171,227.0,488.0
2020-11-04 06:46:28+00:00,0.313,0.669,3420624,7311174,2.0,3.0
2020-11-04 06:46:52+00:00,0.313,0.669,3420624,7311175,0.0,1.0
2020-11-04 06:48:59+00:00,0.313,0.669,3421260,7312533,636.0,1358.0
2020-11-04 06:49:25+00:00,0.313,0.669,3421870,7313836,610.0,1303.0
2020-11-04 06:49:42+00:00,0.313,0.669,3423994,7318376,2124.0,4540.0
2020-11-04 06:50:13+00:00,0.313,0.669,3429797,7330781,5803.0,12405.0
2020-11-04 06:52:07+00:00,0.313,0.669,3429808,7330804,11.0,23.0
2020-11-04 06:52:45+00:00,0.314,0.668,3453313,7346538,23505.0,15734.0
2020-11-04 06:53:17+00:00,0.314,0.668,3453319,7346550,6.0,12.0
2020-11-04 06:54:56+00:00,0.314,0.668,3453399,7346721,80.0,171.0
2020-11-04 06:57:16+00:00,0.314,0.668,3454018,7348039,619.0,1318.0
2020-11-04 06:59:59+00:00,0.314,0.668,3459363,7359410,5345.0,11371.0
2020-11-04 07:00:43+00:00,0.317,0.665,3517770,7379549,58407.0,20139.0
2020-11-04 07:09:58+00:00,0.318,0.664,3546252,7404753,28482.0,25204.0
2020-11-04 07:12:29+00:00,0.318,0.664,3548095,7408601,1843.0,3848.0
2020-11-04 07:13:58+00:00,0.318,0.664,3548615,7409687,520.0,1086.0
2020-11-04 07:14:28+00:00,0.318,0.664,3548672,7409806,57.0,119.0
2020-11-04 07:17:08+00:00,0.318,0.664,3554988,7422993,6316.0,13187.0
2020-11-04 07:20:23+00:00,0.318,0.663,3562837,7428179,7849.0,5186.0
2020-11-04 07:21:42+00:00,0.319,0.663,3576006,7432263,13169.0,4084.0
2020-11-04 07:22:38+00:00,0.318,0.663,3568304,7439578,-7702.0,7315.0
2020-11-04 07:29:49+00:00,0.319,0.663,3594253,7470187,25949.0,30609.0
2020-11-04 07:30:58+00:00,0.32,0.662,3612549,7473462,18296.0,3275.0
2020-11-04 07:32:49+00:00,0.32,0.662,3612555,7473474,6.0,12.0
2020-11-04 07:34:58+00:00,0.32,0.662,3622349,7493735,9794.0,20261.0
2020-11-04 07:47:33+00:00,0.32,0.662,3625600,7500461,3251.0,6726.0
2020-11-04 07:48:45+00:00,0.32,0.661,3633457,7505360,7857.0,4899.0
2020-11-04 07:49:55+00:00,0.32,0.661,3633458,7505361,1.0,1.0
2020-11-04 07:53:08+00:00,0.32,0.661,3633992,7506465,534.0,1104.0
2020-11-04 07:53:52+00:00,0.321,0.661,3651798,7519746,17806.0,13281.0
2020-11-04 07:54:42+00:00,0.321,0.661,3654837,7526003,3039.0,6257.0
2020-11-04 08:00:55+00:00,0.321,0.66,3659080,7523342,4243.0,-2661.0
2020-11-04 08:04:14+00:00,0.321,0.66,3662734,7530855,3654.0,7513.0
2020-11-04 08:05:56+00:00,0.322,0.659,3681865,7535246,19131.0,4391.0
2020-11-04 08:09:28+00:00,0.322,0.659,3681866,7535247,1.0,1.0
2020-11-04 08:09:57+00:00,0.322,0.659,3684268,7540164,2402.0,4917.0
2020-11-04 08:12:34+00:00,0.322,0.659,3684276,7540180,8.0,16.0
2020-11-04 08:15:56+00:00,0.322,0.659,3686866,7545481,2590.0,5301.0
2020-11-04 08:16:48+00:00,0.322,0.659,3689466,7550802,2600.0,5321.0
2020-11-04 08:17:18+00:00,0.322,0.658,3693243,7547063,3777.0,-3739.0
2020-11-04 08:44:38+00:00,0.324,0.658,3742739,7600994,49496.0,53931.0
2020-11-04 08:45:56+00:00,0.324,0.658,3743483,7602505,744.0,1511.0
2020-11-04 08:49:56+00:00,0.324,0.658,3743768,7603083,285.0,578.0
2020-11-04 08:53:19+00:00,0.324,0.657,3744514,7593042,746.0,-10041.0
2020-11-04 08:54:46+00:00,0.325,0.657,3779356,7640113,34842.0,47071.0
2020-11-04 08:59:54+00:00,0.325,0.656,3781890,7633599,2534.0,-6514.0
2020-11-04 09:17:24+00:00,0.326,0.656,3807179,7661071,25289.0,27472.0
2020-11-04 09:19:54+00:00,0.326,0.656,3807853,7662428,674.0,1357.0
2020-11-04 09:22:47+00:00,0.326,0.655,3816512,7668145,8659.0,5717.0
2020-11-04 09:27:01+00:00,0.326,0.655,3821910,7678990,5398.0,10845.0
2020-11-04 09:39:57+00:00,0.327,0.655,3839465,7690671,17555.0,11681.0
2020-11-04 09:47:42+00:00,0.327,0.654,3842724,7685448,3259.0,-5223.0
2020-11-04 09:48:06+00:00,0.327,0.654,3842732,7685465,8.0,17.0
2020-11-04 09:49:12+00:00,0.327,0.654,3842751,7685503,19.0,38.0
2020-11-04 09:59:59+00:00,0.327,0.654,3842962,7685924,211.0,421.0
2020-11-04 10:08:54+00:00,0.327,0.654,3846760,7693519,3798.0,7595.0
2020-11-04 10:15:55+00:00,0.327,0.654,3847038,7694076,278.0,557.0
2020-11-04 10:25:56+00:00,0.327,0.654,3849128,7698257,2090.0,4181.0
2020-11-04 10:39:55+00:00,0.327,0.654,3851287,7702573,2159.0,4316.0
2020-11-04 10:46:41+00:00,0.327,0.654,3851315,7702631,28.0,58.0
2020-11-04 11:15:55+00:00,0.327,0.654,3851456,7702911,141.0,280.0
2020-11-04 11:51:21+00:00,0.328,0.653,3878695,7721914,27239.0,19003.0
2020-11-04 12:15:58+00:00,0.329,0.653,3890917,7722701,12222.0,787.0
2020-11-04 12:49:57+00:00,0.329,0.652,3897917,7724747,7000.0,2046.0
2020-11-04 13:09:57+00:00,0.329,0.652,3898162,7725232,245.0,485.0
2020-11-04 14:20:02+00:00,0.329,0.652,3898764,7726426,602.0,1194.0
2020-11-04 15:16:00+00:00,0.329,0.652,3898938,7726770,174.0,344.0
2020-11-04 16:19:59+00:00,0.329,0.652,3899398,7727682,460.0,912.0
2020-11-04 17:29:57+00:00,0.329,0.652,3900714,7730291,1316.0,2609.0
2020-11-04 17:35:07+00:00,0.329,0.652,3900955,7730767,241.0,476.0
2020-11-04 18:31:42+00:00,0.329,0.652,3901068,7730992,113.0,225.0
2020-11-04 18:45:42+00:00,0.329,0.652,3901541,7731929,473.0,937.0
2020-11-04 19:11:44+00:00,0.329,0.652,3901944,7732728,403.0,799.0
2020-11-04 23:35:43+00:00,0.329,0.652,3901955,7732750,11.0,22.0
2020-11-05 00:02:42+00:00,0.329,0.652,3902289,7733412,334.0,662.0
2020-11-05 00:46:47+00:00,0.328,0.653,3953430,7870700,51141.0,137288.0
2020-11-05 00:54:58+00:00,0.328,0.653,3957110,7878026,3680.0,7326.0
2020-11-05 01:00:56+00:00,0.329,0.653,3973586,7886783,16476.0,8757.0
2020-11-06 01:22:59+00:00,0.331,0.651,4077128,8018762,103542.0,131979.0
2020-11-06 01:26:34+00:00,0.33,0.651,4124855,8137214,47727.0,118452.0
2020-11-06 01:55:01+00:00,0.33,0.651,4148406,8183673,23551.0,46459.0
