timestamp,hickenlooperj_percent,gardnerc_percent,hickenlooperj_count,gardnerc_count,hickenlooperj_delta,gardnerc_delta
2020-11-04 02:10:49+00:00,0.563,0.416,3124,2308,,
2020-11-04 02:11:38+00:00,0.809,0.178,226274,49786,223150.0,47478.0
2020-11-04 02:12:58+00:00,0.733,0.251,272933,93460,46659.0,43674.0
2020-11-04 02:18:59+00:00,0.606,0.376,564899,350498,291966.0,257038.0
2020-11-04 02:20:34+00:00,0.606,0.377,567245,352890,2346.0,2392.0
2020-11-04 02:22:03+00:00,0.601,0.381,583873,370143,16628.0,17253.0
2020-11-04 02:27:30+00:00,0.603,0.38,591181,372552,7308.0,2409.0
2020-11-04 02:30:15+00:00,0.583,0.399,618045,422984,26864.0,50432.0
2020-11-04 02:31:05+00:00,0.578,0.404,622514,435114,4469.0,12130.0
2020-11-04 02:31:49+00:00,0.576,0.406,628014,442663,5500.0,7549.0
2020-11-04 02:32:26+00:00,0.575,0.407,827238,585540,199224.0,142877.0
2020-11-04 02:34:25+00:00,0.548,0.432,955035,752874,127797.0,167334.0
2020-11-04 02:34:54+00:00,0.549,0.432,980055,771191,25020.0,18317.0
2020-11-04 02:35:50+00:00,0.55,0.43,1103759,862939,123704.0,91748.0
2020-11-04 02:37:16+00:00,0.551,0.429,1120117,872106,16358.0,9167.0
2020-11-04 02:38:19+00:00,0.549,0.431,1144894,898815,24777.0,26709.0
2020-11-04 02:41:12+00:00,0.548,0.432,1150718,907136,5824.0,8321.0
2020-11-04 02:42:35+00:00,0.542,0.438,1176506,950756,25788.0,43620.0
2020-11-04 02:46:01+00:00,0.542,0.438,1198190,968279,21684.0,17523.0
2020-11-04 02:50:08+00:00,0.541,0.439,1200324,974015,2134.0,5736.0
2020-11-04 02:50:27+00:00,0.539,0.441,1203170,984412,2846.0,10397.0
2020-11-04 02:52:23+00:00,0.539,0.441,1205271,986131,2101.0,1719.0
2020-11-04 03:00:09+00:00,0.54,0.44,1314081,1070733,108810.0,84602.0
2020-11-04 03:03:52+00:00,0.554,0.426,1418901,1091068,104820.0,20335.0
2020-11-04 03:05:05+00:00,0.554,0.427,1419730,1094268,829.0,3200.0
2020-11-04 03:07:20+00:00,0.553,0.427,1418884,1095594,-846.0,1326.0
2020-11-04 03:09:07+00:00,0.553,0.427,1421291,1097453,2407.0,1859.0
2020-11-04 03:10:45+00:00,0.553,0.427,1421292,1097453,1.0,0.0
2020-11-04 03:13:21+00:00,0.553,0.427,1421709,1097776,417.0,323.0
2020-11-04 03:14:01+00:00,0.552,0.428,1423712,1103892,2003.0,6116.0
2020-11-04 03:27:16+00:00,0.551,0.429,1427653,1111548,3941.0,7656.0
2020-11-04 03:30:06+00:00,0.551,0.429,1427662,1111555,9.0,7.0
2020-11-04 03:37:58+00:00,0.551,0.429,1435221,1117440,7559.0,5885.0
2020-11-04 03:41:08+00:00,0.551,0.429,1435286,1117491,65.0,51.0
2020-11-04 03:44:43+00:00,0.55,0.43,1441182,1126742,5896.0,9251.0
2020-11-04 03:47:01+00:00,0.545,0.435,1475164,1177425,33982.0,50683.0
2020-11-04 03:55:35+00:00,0.545,0.435,1475296,1177530,132.0,105.0
2020-11-04 03:56:21+00:00,0.545,0.435,1475495,1177689,199.0,159.0
2020-11-04 04:05:40+00:00,0.545,0.435,1484593,1184950,9098.0,7261.0
2020-11-04 04:06:24+00:00,0.546,0.434,1507010,1197880,22417.0,12930.0
2020-11-04 04:09:48+00:00,0.546,0.434,1507011,1197881,1.0,1.0
2020-11-04 04:12:12+00:00,0.546,0.434,1511131,1201155,4120.0,3274.0
2020-11-04 04:14:31+00:00,0.546,0.434,1514285,1203662,3154.0,2507.0
2020-11-04 04:20:41+00:00,0.545,0.435,1514588,1208891,303.0,5229.0
2020-11-04 04:26:17+00:00,0.545,0.435,1516527,1210439,1939.0,1548.0
2020-11-04 04:32:11+00:00,0.545,0.435,1516589,1210489,62.0,50.0
2020-11-04 04:38:42+00:00,0.544,0.435,1516080,1212307,-509.0,1818.0
2020-11-04 04:44:00+00:00,0.544,0.435,1516452,1212604,372.0,297.0
2020-11-04 04:49:06+00:00,0.544,0.436,1518799,1217273,2347.0,4669.0
2020-11-04 04:55:40+00:00,0.544,0.436,1518891,1217346,92.0,73.0
2020-11-04 05:00:24+00:00,0.544,0.436,1519854,1218118,963.0,772.0
2020-11-04 05:10:04+00:00,0.544,0.436,1519972,1218213,118.0,95.0
2020-11-04 05:10:21+00:00,0.544,0.435,1525505,1219844,5533.0,1631.0
2020-11-04 05:11:55+00:00,0.544,0.436,1529170,1225585,3665.0,5741.0
2020-11-04 05:16:57+00:00,0.543,0.436,1528685,1227452,-485.0,1867.0
2020-11-04 05:30:27+00:00,0.543,0.436,1530164,1228640,1479.0,1188.0
2020-11-04 05:32:57+00:00,0.543,0.436,1530806,1229156,642.0,516.0
2020-11-04 05:37:30+00:00,0.543,0.437,1531846,1232812,1040.0,3656.0
2020-11-04 05:44:15+00:00,0.543,0.437,1534117,1234639,2271.0,1827.0
2020-11-04 05:48:49+00:00,0.543,0.437,1534480,1234931,363.0,292.0
2020-11-04 05:54:31+00:00,0.542,0.437,1533400,1236339,-1080.0,1408.0
2020-11-04 05:55:09+00:00,0.542,0.438,1533733,1239437,333.0,3098.0
2020-11-04 06:08:53+00:00,0.54,0.439,1537095,1249601,3362.0,10164.0
2020-11-04 06:14:21+00:00,0.54,0.439,1537558,1249978,463.0,377.0
2020-11-04 06:15:43+00:00,0.54,0.439,1539978,1251945,2420.0,1967.0
2020-11-04 06:29:51+00:00,0.541,0.439,1545382,1254016,5404.0,2071.0
2020-11-04 06:43:44+00:00,0.54,0.439,1544824,1255885,-558.0,1869.0
2020-11-04 06:51:43+00:00,0.54,0.439,1549998,1260091,5174.0,4206.0
2020-11-04 06:56:43+00:00,0.54,0.44,1551124,1263879,1126.0,3788.0
2020-11-04 06:59:44+00:00,0.539,0.44,1549548,1264937,-1576.0,1058.0
2020-11-04 07:03:44+00:00,0.539,0.44,1549560,1264947,12.0,10.0
2020-11-04 07:05:43+00:00,0.539,0.44,1552170,1267078,2610.0,2131.0
2020-11-04 07:13:43+00:00,0.539,0.44,1553943,1268525,1773.0,1447.0
2020-11-04 07:19:42+00:00,0.539,0.44,1554261,1268785,318.0,260.0
2020-11-04 07:49:42+00:00,0.539,0.44,1555226,1269572,965.0,787.0
2020-11-04 08:01:43+00:00,0.539,0.44,1555538,1269827,312.0,255.0
2020-11-04 08:02:43+00:00,0.539,0.44,1557694,1271587,2156.0,1760.0
2020-11-04 08:15:09+00:00,0.539,0.44,1562747,1275712,5053.0,4125.0
2020-11-04 08:34:42+00:00,0.539,0.44,1563069,1275975,322.0,263.0
2020-11-04 11:31:43+00:00,0.539,0.44,1566969,1279158,3900.0,3183.0
2020-11-04 18:49:48+00:00,0.538,0.44,1565991,1280736,-978.0,1578.0
2020-11-04 19:07:43+00:00,0.538,0.441,1568074,1285354,2083.0,4618.0
2020-11-04 20:15:45+00:00,0.537,0.442,1575895,1297106,7821.0,11752.0
2020-11-04 21:07:43+00:00,0.537,0.442,1579557,1300120,3662.0,3014.0
2020-11-04 21:50:42+00:00,0.536,0.443,1585718,1310584,6161.0,10464.0
2020-11-04 22:06:43+00:00,0.535,0.443,1583609,1311287,-2109.0,703.0
2020-11-04 23:00:43+00:00,0.535,0.443,1583710,1311371,101.0,84.0
2020-11-04 23:32:43+00:00,0.535,0.443,1584216,1311790,506.0,419.0
2020-11-04 23:40:45+00:00,0.535,0.443,1584411,1311952,195.0,162.0
2020-11-04 23:54:42+00:00,0.535,0.443,1584982,1312425,571.0,473.0
2020-11-05 00:25:44+00:00,0.536,0.442,1599777,1319219,14795.0,6794.0
2020-11-05 01:06:42+00:00,0.536,0.443,1601985,1324029,2208.0,4810.0
2020-11-05 01:21:43+00:00,0.536,0.443,1609952,1330613,7967.0,6584.0
2020-11-05 02:19:44+00:00,0.535,0.443,1617068,1338993,7116.0,8380.0
2020-11-05 03:35:42+00:00,0.535,0.443,1622419,1343423,5351.0,4430.0
2020-11-05 04:54:42+00:00,0.535,0.443,1625029,1345585,2610.0,2162.0
2020-11-05 16:30:43+00:00,0.532,0.445,1633757,1366582,8728.0,20997.0
2020-11-05 20:49:37+00:00,0.532,0.445,1633808,1366625,51.0,43.0
2020-11-05 23:11:38+00:00,0.532,0.445,1635385,1367944,1577.0,1319.0
2020-11-06 00:05:38+00:00,0.533,0.444,1653310,1377241,17925.0,9297.0
2020-11-06 00:18:37+00:00,0.533,0.444,1653593,1377477,283.0,236.0
2020-11-06 15:08:37+00:00,0.533,0.444,1661150,1383773,7557.0,6296.0
2020-11-06 18:52:38+00:00,0.533,0.445,1669754,1394072,8604.0,10299.0
2020-11-06 23:09:37+00:00,0.533,0.445,1670481,1394679,727.0,607.0
2020-11-06 23:25:36+00:00,0.534,0.444,1683875,1400076,13394.0,5397.0
