timestamp,trumpd_percent,bidenj_percent,trumpd_count,bidenj_count,trumpd_delta,bidenj_delta
2020-11-03 23:12:16+00:00,0.684,0.297,5463,2372,,
2020-11-03 23:17:15+00:00,0.683,0.298,14124,6162,8661.0,3790.0
2020-11-03 23:21:27+00:00,0.662,0.32,19157,9260,5033.0,3098.0
2020-11-03 23:21:46+00:00,0.667,0.314,22623,10650,3466.0,1390.0
2020-11-03 23:27:45+00:00,0.665,0.315,28581,13538,5958.0,2888.0
2020-11-03 23:30:26+00:00,0.667,0.314,39646,18664,11065.0,5126.0
2020-11-03 23:34:02+00:00,0.672,0.309,46970,21598,7324.0,2934.0
2020-11-03 23:37:55+00:00,0.669,0.313,54223,25369,7253.0,3771.0
2020-11-03 23:39:06+00:00,0.67,0.312,56943,26517,2720.0,1148.0
2020-11-03 23:41:40+00:00,0.669,0.312,59130,27576,2187.0,1059.0
2020-11-03 23:42:29+00:00,0.641,0.34,76844,40760,17714.0,13184.0
2020-11-03 23:44:32+00:00,0.627,0.353,93035,52378,16191.0,11618.0
2020-11-03 23:44:56+00:00,0.628,0.353,93284,52435,249.0,57.0
2020-11-03 23:46:48+00:00,0.629,0.351,94277,52609,993.0,174.0
2020-11-03 23:50:23+00:00,0.63,0.35,95405,53003,1128.0,394.0
2020-11-03 23:50:53+00:00,0.635,0.345,101978,55406,6573.0,2403.0
2020-11-03 23:51:23+00:00,0.639,0.341,110182,58798,8204.0,3392.0
2020-11-03 23:51:44+00:00,0.639,0.341,110420,58925,238.0,127.0
2020-11-03 23:53:12+00:00,0.64,0.34,111151,59049,731.0,124.0
2020-11-03 23:54:39+00:00,0.64,0.34,111367,59164,216.0,115.0
2020-11-03 23:55:17+00:00,0.64,0.34,111596,59285,229.0,121.0
2020-11-03 23:55:35+00:00,0.641,0.337,120063,63122,8467.0,3837.0
2020-11-03 23:55:47+00:00,0.646,0.332,130542,67090,10479.0,3968.0
2020-11-03 23:59:52+00:00,0.638,0.34,146335,77984,15793.0,10894.0
2020-11-04 00:00:58+00:00,0.637,0.341,146532,78442,197.0,458.0
2020-11-04 00:01:56+00:00,0.639,0.339,150481,79832,3949.0,1390.0
2020-11-04 00:03:37+00:00,0.641,0.337,152577,80216,2096.0,384.0
2020-11-04 00:05:26+00:00,0.642,0.336,153764,80475,1187.0,259.0
2020-11-04 00:07:41+00:00,0.642,0.335,154940,80849,1176.0,374.0
2020-11-04 00:08:06+00:00,0.643,0.335,155911,81229,971.0,380.0
2020-11-04 00:08:45+00:00,0.644,0.334,156780,81311,869.0,82.0
2020-11-04 00:11:04+00:00,0.647,0.331,160845,82287,4065.0,976.0
2020-11-04 00:11:35+00:00,0.649,0.328,166493,84144,5648.0,1857.0
2020-11-04 00:13:09+00:00,0.649,0.329,169806,86080,3313.0,1936.0
2020-11-04 00:13:37+00:00,0.658,0.32,190987,92881,21181.0,6801.0
2020-11-04 00:13:44+00:00,0.658,0.32,196258,95445,5271.0,2564.0
2020-11-04 00:14:25+00:00,0.659,0.319,198089,95888,1831.0,443.0
2020-11-04 00:14:48+00:00,0.662,0.317,203706,97545,5617.0,1657.0
2020-11-04 00:15:46+00:00,0.663,0.315,206569,98144,2863.0,599.0
2020-11-04 00:18:34+00:00,0.665,0.313,209631,98669,3062.0,525.0
2020-11-04 00:19:00+00:00,0.666,0.312,211464,99064,1833.0,395.0
2020-11-04 00:19:36+00:00,0.667,0.311,212815,99229,1351.0,165.0
2020-11-04 00:20:51+00:00,0.667,0.311,213321,99464,506.0,235.0
2020-11-04 00:21:36+00:00,0.667,0.311,213638,99612,317.0,148.0
2020-11-04 00:24:55+00:00,0.668,0.31,214876,99718,1238.0,106.0
2020-11-04 00:29:25+00:00,0.669,0.309,218796,101058,3920.0,1340.0
2020-11-04 00:29:44+00:00,0.669,0.309,219383,101329,587.0,271.0
2020-11-04 00:29:54+00:00,0.67,0.308,231766,106543,12383.0,5214.0
2020-11-04 00:30:12+00:00,0.67,0.308,231899,106604,133.0,61.0
2020-11-04 00:30:26+00:00,0.67,0.308,231944,106625,45.0,21.0
2020-11-04 00:30:57+00:00,0.673,0.305,241994,109670,10050.0,3045.0
2020-11-04 00:33:06+00:00,0.673,0.304,242503,109541,509.0,-129.0
2020-11-04 00:34:35+00:00,0.674,0.304,244142,110117,1639.0,576.0
2020-11-04 00:36:07+00:00,0.675,0.303,245085,110016,943.0,-101.0
2020-11-04 00:40:44+00:00,0.676,0.302,249724,111563,4639.0,1547.0
2020-11-04 00:41:23+00:00,0.666,0.312,258613,121152,8889.0,9589.0
2020-11-04 00:42:24+00:00,0.662,0.317,271915,130207,13302.0,9055.0
2020-11-04 00:43:06+00:00,0.662,0.317,273555,130992,1640.0,785.0
2020-11-04 00:44:00+00:00,0.663,0.316,275970,131533,2415.0,541.0
2020-11-04 00:44:05+00:00,0.663,0.315,276954,131584,984.0,51.0
2020-11-04 00:44:42+00:00,0.663,0.315,277237,131719,283.0,135.0
2020-11-04 00:45:47+00:00,0.653,0.325,298471,148550,21234.0,16831.0
2020-11-04 00:47:22+00:00,0.656,0.323,304484,149921,6013.0,1371.0
2020-11-04 00:47:40+00:00,0.656,0.322,306059,150230,1575.0,309.0
2020-11-04 00:48:06+00:00,0.657,0.321,307270,150128,1211.0,-102.0
2020-11-04 00:48:27+00:00,0.659,0.319,312848,151439,5578.0,1311.0
2020-11-04 00:48:36+00:00,0.659,0.319,319070,154451,6222.0,3012.0
2020-11-04 00:50:59+00:00,0.66,0.319,321567,155424,2497.0,973.0
2020-11-04 00:51:36+00:00,0.661,0.317,325424,156066,3857.0,642.0
2020-11-04 00:51:42+00:00,0.663,0.315,330152,156860,4728.0,794.0
2020-11-04 00:53:00+00:00,0.665,0.313,337373,158794,7221.0,1934.0
2020-11-04 00:53:13+00:00,0.666,0.312,341446,159957,4073.0,1163.0
2020-11-04 00:54:48+00:00,0.667,0.312,343458,160658,2012.0,701.0
2020-11-04 00:55:34+00:00,0.668,0.311,346498,161318,3040.0,660.0
2020-11-04 00:56:08+00:00,0.671,0.308,352368,161743,5870.0,425.0
2020-11-04 00:57:55+00:00,0.671,0.308,353350,162193,982.0,450.0
2020-11-04 00:59:31+00:00,0.671,0.308,355473,163168,2123.0,975.0
2020-11-04 01:00:11+00:00,0.672,0.307,356768,162988,1295.0,-180.0
2020-11-04 01:01:59+00:00,0.672,0.307,358167,163627,1399.0,639.0
2020-11-04 01:02:13+00:00,0.673,0.306,359855,163619,1688.0,-8.0
2020-11-04 01:03:00+00:00,0.675,0.304,366913,165247,7058.0,1628.0
2020-11-04 01:05:35+00:00,0.676,0.303,376382,168704,9469.0,3457.0
2020-11-04 01:06:49+00:00,0.676,0.303,386529,173252,10147.0,4548.0
2020-11-04 01:06:56+00:00,0.676,0.303,387286,173591,757.0,339.0
2020-11-04 01:07:35+00:00,0.677,0.302,394902,176160,7616.0,2569.0
2020-11-04 01:07:57+00:00,0.61,0.37,427717,259435,32815.0,83275.0
2020-11-04 01:09:59+00:00,0.618,0.362,458102,268338,30385.0,8903.0
2020-11-04 01:10:32+00:00,0.619,0.36,465143,270519,7041.0,2181.0
2020-11-04 01:11:44+00:00,0.586,0.395,508555,342797,43412.0,72278.0
2020-11-04 01:14:17+00:00,0.587,0.394,510210,342458,1655.0,-339.0
2020-11-04 01:16:49+00:00,0.589,0.392,518474,345062,8264.0,2604.0
2020-11-04 01:20:18+00:00,0.578,0.402,581294,404291,62820.0,59229.0
2020-11-04 01:20:35+00:00,0.579,0.402,587270,407742,5976.0,3451.0
2020-11-04 01:20:47+00:00,0.58,0.401,590546,408291,3276.0,549.0
2020-11-04 01:20:57+00:00,0.584,0.397,627612,426647,37066.0,18356.0
2020-11-04 01:21:58+00:00,0.585,0.396,631657,427583,4045.0,936.0
2020-11-04 01:22:48+00:00,0.585,0.395,632459,427045,802.0,-538.0
2020-11-04 01:23:19+00:00,0.586,0.395,635257,428202,2798.0,1157.0
2020-11-04 01:23:28+00:00,0.587,0.393,642161,429931,6904.0,1729.0
2020-11-04 01:23:50+00:00,0.588,0.392,645978,430652,3817.0,721.0
2020-11-04 01:24:00+00:00,0.59,0.391,652284,432276,6306.0,1624.0
2020-11-04 01:25:02+00:00,0.591,0.39,662093,436914,9809.0,4638.0
2020-11-04 01:25:20+00:00,0.591,0.39,662937,437471,844.0,557.0
2020-11-04 01:26:10+00:00,0.591,0.389,663741,436879,804.0,-592.0
2020-11-04 01:26:51+00:00,0.593,0.387,674582,440242,10841.0,3363.0
2020-11-04 01:28:09+00:00,0.593,0.387,675162,440620,580.0,378.0
2020-11-04 01:29:02+00:00,0.595,0.385,686795,444397,11633.0,3777.0
2020-11-04 01:29:17+00:00,0.595,0.385,687456,444824,661.0,427.0
2020-11-04 01:29:35+00:00,0.595,0.385,704681,455970,17225.0,11146.0
2020-11-04 01:30:07+00:00,0.589,0.392,718208,477992,13527.0,22022.0
2020-11-04 01:30:22+00:00,0.589,0.391,720078,478014,1870.0,22.0
2020-11-04 01:32:46+00:00,0.589,0.391,720379,478214,301.0,200.0
2020-11-04 01:32:53+00:00,0.59,0.391,722255,478647,1876.0,433.0
2020-11-04 01:34:26+00:00,0.591,0.389,727972,479156,5717.0,509.0
2020-11-04 01:34:41+00:00,0.591,0.389,729557,480199,1585.0,1043.0
2020-11-04 01:36:18+00:00,0.593,0.387,737451,481270,7894.0,1071.0
2020-11-04 01:39:39+00:00,0.593,0.387,769489,502179,32038.0,20909.0
2020-11-04 01:41:28+00:00,0.594,0.386,773575,502693,4086.0,514.0
2020-11-04 01:41:41+00:00,0.594,0.386,776063,504311,2488.0,1618.0
2020-11-04 01:42:13+00:00,0.592,0.388,791258,518595,15195.0,14284.0
2020-11-04 01:43:11+00:00,0.592,0.388,791739,518910,481.0,315.0
2020-11-04 01:44:29+00:00,0.593,0.387,797894,520717,6155.0,1807.0
2020-11-04 01:45:53+00:00,0.593,0.387,803540,524402,5646.0,3685.0
2020-11-04 01:46:37+00:00,0.594,0.386,805800,523634,2260.0,-768.0
2020-11-04 01:46:56+00:00,0.596,0.384,821864,529523,16064.0,5889.0
2020-11-04 01:48:27+00:00,0.597,0.383,824408,528892,2544.0,-631.0
2020-11-04 01:49:46+00:00,0.597,0.383,829417,532105,5009.0,3213.0
2020-11-04 01:50:01+00:00,0.597,0.383,831259,533287,1842.0,1182.0
2020-11-04 01:50:24+00:00,0.597,0.383,832128,533845,869.0,558.0
2020-11-04 01:50:37+00:00,0.598,0.382,834902,533332,2774.0,-513.0
2020-11-04 01:53:06+00:00,0.598,0.382,835836,533929,934.0,597.0
2020-11-04 01:53:17+00:00,0.598,0.382,835847,533936,11.0,7.0
2020-11-04 01:53:44+00:00,0.599,0.381,840805,534802,4958.0,866.0
2020-11-04 01:58:31+00:00,0.599,0.381,841179,535040,374.0,238.0
2020-11-04 02:01:24+00:00,0.599,0.381,842307,535758,1128.0,718.0
2020-11-04 02:01:43+00:00,0.597,0.383,856188,549280,13881.0,13522.0
2020-11-04 02:04:55+00:00,0.601,0.378,902532,567649,46344.0,18369.0
2020-11-04 02:05:21+00:00,0.602,0.377,907215,568139,4683.0,490.0
2020-11-04 02:07:40+00:00,0.602,0.377,907848,568536,633.0,397.0
2020-11-04 02:09:37+00:00,0.602,0.377,908340,568844,492.0,308.0
2020-11-04 02:09:52+00:00,0.602,0.378,916066,575204,7726.0,6360.0
2020-11-04 02:11:22+00:00,0.602,0.377,926678,580329,10612.0,5125.0
2020-11-04 02:15:25+00:00,0.604,0.376,939521,584867,12843.0,4538.0
2020-11-04 02:16:08+00:00,0.604,0.376,939523,584869,2.0,2.0
2020-11-04 02:16:38+00:00,0.604,0.375,957603,594538,18080.0,9669.0
2020-11-04 02:17:06+00:00,0.604,0.375,958248,594939,645.0,401.0
2020-11-04 02:22:05+00:00,0.603,0.376,991383,618176,33135.0,23237.0
2020-11-04 02:23:27+00:00,0.604,0.376,996200,620151,4817.0,1975.0
2020-11-04 02:27:59+00:00,0.605,0.374,1022156,631878,25956.0,11727.0
2020-11-04 02:30:28+00:00,0.605,0.374,1022456,632064,300.0,186.0
2020-11-04 02:36:12+00:00,0.603,0.376,1035998,645995,13542.0,13931.0
2020-11-04 02:36:30+00:00,0.604,0.375,1044349,648396,8351.0,2401.0
2020-11-04 02:40:46+00:00,0.604,0.375,1049134,651366,4785.0,2970.0
2020-11-04 02:42:32+00:00,0.604,0.375,1051250,652680,2116.0,1314.0
2020-11-04 02:45:16+00:00,0.604,0.375,1054442,654662,3192.0,1982.0
2020-11-04 02:46:01+00:00,0.604,0.375,1054444,654663,2.0,1.0
2020-11-04 02:49:41+00:00,0.603,0.376,1059736,660797,5292.0,6134.0
2020-11-04 02:51:04+00:00,0.603,0.376,1063968,663436,4232.0,2639.0
2020-11-04 03:05:43+00:00,0.604,0.375,1068231,663223,4263.0,-213.0
2020-11-04 03:05:59+00:00,0.605,0.374,1083182,669603,14951.0,6380.0
2020-11-04 03:20:54+00:00,0.605,0.374,1083895,670044,713.0,441.0
2020-11-04 03:25:49+00:00,0.605,0.373,1088368,671011,4473.0,967.0
2020-11-04 03:27:15+00:00,0.607,0.372,1104117,676658,15749.0,5647.0
2020-11-04 03:38:08+00:00,0.607,0.371,1108565,677558,4448.0,900.0
2020-11-04 03:58:55+00:00,0.608,0.371,1115930,680938,7365.0,3380.0
2020-11-04 04:00:36+00:00,0.607,0.372,1124489,689143,8559.0,8205.0
2020-11-04 04:01:28+00:00,0.606,0.372,1130280,693835,5791.0,4692.0
2020-11-04 04:01:59+00:00,0.606,0.372,1133953,696090,3673.0,2255.0
2020-11-04 04:03:23+00:00,0.606,0.372,1165164,715249,31211.0,19159.0
2020-11-04 04:04:06+00:00,0.6,0.378,1210546,762644,45382.0,47395.0
2020-11-04 04:04:50+00:00,0.6,0.378,1210596,762675,50.0,31.0
2020-11-04 04:14:30+00:00,0.601,0.377,1219877,765214,9281.0,2539.0
2020-11-04 04:14:45+00:00,0.601,0.377,1220963,765895,1086.0,681.0
2020-11-04 04:17:50+00:00,0.602,0.377,1228344,769246,7381.0,3351.0
2020-11-04 04:30:20+00:00,0.603,0.376,1274364,794628,46020.0,25382.0
2020-11-04 04:36:52+00:00,0.602,0.376,1290380,805952,16016.0,11324.0
2020-11-04 04:39:42+00:00,0.603,0.375,1314866,817703,24486.0,11751.0
2020-11-04 04:47:57+00:00,0.604,0.375,1322521,821102,7655.0,3399.0
2020-11-04 04:50:10+00:00,0.603,0.376,1349329,841373,26808.0,20271.0
2020-11-04 04:51:39+00:00,0.603,0.376,1349505,841482,176.0,109.0
2020-11-04 04:55:19+00:00,0.603,0.376,1355018,844920,5513.0,3438.0
2020-11-04 05:06:30+00:00,0.602,0.376,1356459,847224,1441.0,2304.0
2020-11-04 05:28:18+00:00,0.603,0.375,1364680,848682,8221.0,1458.0
2020-11-04 05:32:40+00:00,0.603,0.375,1404931,873713,40251.0,25031.0
2020-11-04 05:32:49+00:00,0.603,0.375,1404945,873722,14.0,9.0
2020-11-04 05:33:04+00:00,0.603,0.375,1407648,875403,2703.0,1681.0
2020-11-04 05:36:23+00:00,0.591,0.387,1454645,952534,46997.0,77131.0
2020-11-04 05:56:33+00:00,0.591,0.386,1460319,953779,5674.0,1245.0
2020-11-04 06:03:01+00:00,0.592,0.385,1475393,959504,15074.0,5725.0
2020-11-04 06:06:46+00:00,0.593,0.385,1482992,962819,7599.0,3315.0
2020-11-04 06:36:34+00:00,0.593,0.384,1492577,966525,9585.0,3706.0
2020-11-04 07:09:48+00:00,0.593,0.385,1516969,984879,24392.0,18354.0
2020-11-04 07:35:49+00:00,0.593,0.384,1522957,986198,5988.0,1319.0
2020-11-04 08:08:18+00:00,0.593,0.385,1530014,993348,7057.0,7150.0
2020-11-04 08:37:47+00:00,0.594,0.383,1538328,991885,8314.0,-1463.0
2020-11-04 17:09:50+00:00,0.594,0.383,1538379,991918,51.0,33.0
2020-11-04 20:13:48+00:00,0.589,0.389,1562317,1031819,23938.0,39901.0
2020-11-04 21:21:50+00:00,0.589,0.389,1562670,1032052,353.0,233.0
2020-11-04 22:29:48+00:00,0.586,0.392,1583446,1059234,20776.0,27182.0
2020-11-05 15:59:33+00:00,0.577,0.401,1608997,1118211,25551.0,58977.0
2020-11-05 16:09:44+00:00,0.576,0.403,1622006,1134841,13009.0,16630.0
2020-11-05 16:20:17+00:00,0.574,0.404,1632343,1148897,10337.0,14056.0
2020-11-05 16:40:13+00:00,0.574,0.405,1642168,1158673,9825.0,9776.0
2020-11-05 16:52:32+00:00,0.573,0.406,1644448,1165176,2280.0,6503.0
2020-11-05 17:11:43+00:00,0.573,0.405,1660298,1173509,15850.0,8333.0
2020-11-05 18:32:31+00:00,0.574,0.404,1665778,1172429,5480.0,-1080.0
2020-11-05 18:51:18+00:00,0.574,0.405,1682409,1187066,16631.0,14637.0
2020-11-05 19:29:39+00:00,0.574,0.405,1682869,1187390,460.0,324.0
2020-11-05 19:32:32+00:00,0.574,0.405,1683218,1187636,349.0,246.0
2020-11-05 20:12:37+00:00,0.574,0.405,1685820,1189472,2602.0,1836.0
2020-11-05 22:08:38+00:00,0.574,0.404,1691814,1190754,5994.0,1282.0
2020-11-05 23:07:38+00:00,0.574,0.404,1698901,1195742,7087.0,4988.0
2020-11-06 13:38:18+00:00,0.574,0.404,1710681,1204034,11780.0,8292.0
2020-11-06 13:43:53+00:00,0.572,0.407,1721316,1224783,10635.0,20749.0
2020-11-06 14:01:44+00:00,0.57,0.408,1722924,1233251,1608.0,8468.0
2020-11-06 14:08:15+00:00,0.57,0.408,1722925,1233252,1.0,1.0
2020-11-06 14:08:34+00:00,0.57,0.409,1726856,1239095,3931.0,5843.0
2020-11-06 15:37:36+00:00,0.57,0.409,1727079,1239255,223.0,160.0
2020-11-06 17:42:36+00:00,0.57,0.409,1727440,1239514,361.0,259.0
2020-11-06 21:34:38+00:00,0.57,0.409,1728029,1239936,589.0,422.0
