timestamp,trumpd_percent,bidenj_percent,trumpd_count,bidenj_count,trumpd_delta,bidenj_delta
2020-11-04 03:13:02+00:00,0.651,0.333,244,125,,
2020-11-04 03:13:16+00:00,0.325,0.66,67205,136479,66961.0,136354.0
2020-11-04 03:13:54+00:00,0.338,0.647,74172,141980,6967.0,5501.0
2020-11-04 03:14:10+00:00,0.341,0.644,75702,142968,1530.0,988.0
2020-11-04 03:17:36+00:00,0.357,0.629,93874,165397,18172.0,22429.0
2020-11-04 03:18:29+00:00,0.361,0.624,100668,174008,6794.0,8611.0
2020-11-04 03:21:30+00:00,0.362,0.623,101394,174498,726.0,490.0
2020-11-04 03:22:16+00:00,0.369,0.616,108912,181815,7518.0,7317.0
2020-11-04 03:22:32+00:00,0.369,0.615,108949,181581,37.0,-234.0
2020-11-04 03:26:20+00:00,0.37,0.615,109435,181899,486.0,318.0
2020-11-04 03:26:41+00:00,0.366,0.619,123154,208285,13719.0,26386.0
2020-11-04 03:26:50+00:00,0.368,0.616,127303,213094,4149.0,4809.0
2020-11-04 03:27:41+00:00,0.369,0.615,128153,213589,850.0,495.0
2020-11-04 03:28:40+00:00,0.37,0.614,130805,217066,2652.0,3477.0
2020-11-04 03:30:28+00:00,0.372,0.613,132439,218239,1634.0,1173.0
2020-11-04 03:31:28+00:00,0.375,0.61,135663,220679,3224.0,2440.0
2020-11-04 03:33:57+00:00,0.375,0.609,135676,220339,13.0,-340.0
2020-11-04 03:34:12+00:00,0.377,0.608,137107,221116,1431.0,777.0
2020-11-04 03:35:21+00:00,0.379,0.606,139439,222956,2332.0,1840.0
2020-11-04 03:35:45+00:00,0.38,0.604,140144,222755,705.0,-201.0
2020-11-04 03:37:16+00:00,0.381,0.603,142310,225231,2166.0,2476.0
2020-11-04 03:38:07+00:00,0.397,0.587,167075,247035,24765.0,21804.0
2020-11-04 03:38:30+00:00,0.401,0.582,172528,250403,5453.0,3368.0
2020-11-04 03:38:51+00:00,0.405,0.579,175862,251417,3334.0,1014.0
2020-11-04 03:39:18+00:00,0.408,0.575,188357,265454,12495.0,14037.0
2020-11-04 03:40:39+00:00,0.41,0.574,190019,266026,1662.0,572.0
2020-11-04 03:41:51+00:00,0.412,0.569,302083,417197,112064.0,151171.0
2020-11-04 03:44:43+00:00,0.413,0.568,306962,422165,4879.0,4968.0
2020-11-04 03:45:15+00:00,0.413,0.568,306966,422171,4.0,6.0
2020-11-04 03:46:17+00:00,0.415,0.567,309982,423518,3016.0,1347.0
2020-11-04 03:47:20+00:00,0.415,0.567,316327,432187,6345.0,8669.0
2020-11-04 03:47:58+00:00,0.417,0.565,320510,434264,4183.0,2077.0
2020-11-04 03:49:25+00:00,0.418,0.564,322410,435022,1900.0,758.0
2020-11-04 03:50:19+00:00,0.418,0.563,323632,435897,1222.0,875.0
2020-11-04 03:50:51+00:00,0.419,0.563,324895,436553,1263.0,656.0
2020-11-04 03:52:00+00:00,0.419,0.563,324902,436563,7.0,10.0
2020-11-04 03:53:19+00:00,0.419,0.562,325218,436211,316.0,-352.0
2020-11-04 03:54:55+00:00,0.423,0.559,331496,438077,6278.0,1866.0
2020-11-04 03:56:27+00:00,0.423,0.559,331899,438609,403.0,532.0
2020-11-04 03:57:58+00:00,0.423,0.559,332290,439126,391.0,517.0
2020-11-04 03:58:32+00:00,0.426,0.556,340499,444407,8209.0,5281.0
2020-11-04 03:59:08+00:00,0.428,0.553,345521,446432,5022.0,2025.0
2020-11-04 03:59:40+00:00,0.43,0.552,351453,451167,5932.0,4735.0
2020-11-04 04:00:19+00:00,0.44,0.541,376720,463194,25267.0,12027.0
2020-11-04 04:02:54+00:00,0.441,0.541,378131,463875,1411.0,681.0
2020-11-04 04:03:17+00:00,0.441,0.54,379404,464576,1273.0,701.0
2020-11-04 04:03:25+00:00,0.447,0.535,392582,469869,13178.0,5293.0
2020-11-04 04:05:03+00:00,0.444,0.538,421744,511032,29162.0,41163.0
2020-11-04 04:05:49+00:00,0.447,0.535,428144,512432,6400.0,1400.0
2020-11-04 04:06:34+00:00,0.447,0.535,430313,515027,2169.0,2595.0
2020-11-04 04:07:39+00:00,0.451,0.531,439236,517149,8923.0,2122.0
2020-11-04 04:10:51+00:00,0.461,0.521,469401,530494,30165.0,13345.0
2020-11-04 04:11:17+00:00,0.462,0.52,472184,531463,2783.0,969.0
2020-11-04 04:11:46+00:00,0.462,0.52,473900,533394,1716.0,1931.0
2020-11-04 04:13:19+00:00,0.464,0.518,477979,533606,4079.0,212.0
2020-11-04 04:14:31+00:00,0.464,0.518,477981,533608,2.0,2.0
2020-11-04 04:14:39+00:00,0.465,0.516,484014,537099,6033.0,3491.0
2020-11-04 04:15:06+00:00,0.469,0.513,494809,541230,10795.0,4131.0
2020-11-04 04:15:53+00:00,0.469,0.513,494891,541320,82.0,90.0
2020-11-04 04:16:16+00:00,0.469,0.513,495113,541563,222.0,243.0
2020-11-04 04:16:30+00:00,0.471,0.51,504127,545870,9014.0,4307.0
2020-11-04 04:17:33+00:00,0.473,0.509,508205,546884,4078.0,1014.0
2020-11-04 04:18:06+00:00,0.473,0.509,508216,546896,11.0,12.0
2020-11-04 04:18:53+00:00,0.473,0.509,508921,547655,705.0,759.0
2020-11-04 04:19:23+00:00,0.473,0.509,508944,547680,23.0,25.0
2020-11-04 04:20:02+00:00,0.473,0.508,509520,547223,576.0,-457.0
2020-11-04 04:20:38+00:00,0.477,0.505,528854,559898,19334.0,12675.0
2020-11-04 04:21:07+00:00,0.482,0.5,543895,564206,15041.0,4308.0
2020-11-04 04:21:13+00:00,0.482,0.5,543952,564266,57.0,60.0
2020-11-04 04:22:32+00:00,0.482,0.5,543955,564269,3.0,3.0
2020-11-04 04:22:59+00:00,0.482,0.5,543965,564279,10.0,10.0
2020-11-04 04:23:32+00:00,0.486,0.496,558148,569633,14183.0,5354.0
2020-11-04 04:24:06+00:00,0.486,0.496,558151,569636,3.0,3.0
2020-11-04 04:24:22+00:00,0.485,0.496,562539,575298,4388.0,5662.0
2020-11-04 04:24:34+00:00,0.487,0.495,570729,580104,8190.0,4806.0
2020-11-04 04:25:20+00:00,0.488,0.494,573560,580612,2831.0,508.0
2020-11-04 04:26:21+00:00,0.489,0.493,578281,583011,4721.0,2399.0
2020-11-04 04:27:21+00:00,0.489,0.493,578289,583020,8.0,9.0
2020-11-04 04:27:55+00:00,0.489,0.492,580761,584324,2472.0,1304.0
2020-11-04 04:28:46+00:00,0.49,0.491,584532,585725,3771.0,1401.0
2020-11-04 04:29:19+00:00,0.493,0.489,593771,588954,9239.0,3229.0
2020-11-04 04:29:35+00:00,0.494,0.488,596617,589371,2846.0,417.0
2020-11-04 04:30:02+00:00,0.494,0.487,598066,589591,1449.0,220.0
2020-11-04 04:30:59+00:00,0.499,0.483,621809,601871,23743.0,12280.0
2020-11-04 04:31:42+00:00,0.499,0.483,621837,601899,28.0,28.0
2020-11-04 04:32:03+00:00,0.499,0.482,625914,604590,4077.0,2691.0
2020-11-04 04:32:27+00:00,0.499,0.482,625927,604602,13.0,12.0
2020-11-04 04:35:13+00:00,0.5,0.481,631528,607530,5601.0,2928.0
2020-11-04 04:37:37+00:00,0.501,0.48,636817,610124,5289.0,2594.0
2020-11-04 04:37:48+00:00,0.503,0.478,642827,610878,6010.0,754.0
2020-11-04 04:38:07+00:00,0.503,0.478,643542,611557,715.0,679.0
2020-11-04 04:39:03+00:00,0.504,0.477,646788,612139,3246.0,582.0
2020-11-04 04:39:18+00:00,0.506,0.475,655313,615165,8525.0,3026.0
2020-11-04 04:41:02+00:00,0.506,0.475,658561,618214,3248.0,3049.0
2020-11-04 04:41:07+00:00,0.506,0.475,658605,618255,44.0,41.0
2020-11-04 04:41:48+00:00,0.506,0.475,658611,618261,6.0,6.0
2020-11-04 04:42:09+00:00,0.505,0.476,657672,619905,-939.0,1644.0
2020-11-04 04:43:48+00:00,0.505,0.476,657702,619933,30.0,28.0
2020-11-04 04:44:17+00:00,0.505,0.476,658447,620635,745.0,702.0
2020-11-04 04:44:33+00:00,0.507,0.474,667945,624469,9498.0,3834.0
2020-11-04 04:45:01+00:00,0.509,0.472,681282,631758,13337.0,7289.0
2020-11-04 04:45:34+00:00,0.511,0.471,687796,633957,6514.0,2199.0
2020-11-04 04:46:34+00:00,0.513,0.468,706490,644517,18694.0,10560.0
2020-11-04 04:47:00+00:00,0.513,0.468,706567,644587,77.0,70.0
2020-11-04 04:47:09+00:00,0.513,0.468,707727,645645,1160.0,1058.0
2020-11-04 04:47:38+00:00,0.513,0.468,707737,645655,10.0,10.0
2020-11-04 04:48:54+00:00,0.513,0.468,707749,645666,12.0,11.0
2020-11-04 04:49:49+00:00,0.513,0.468,710606,648272,2857.0,2606.0
2020-11-04 04:50:03+00:00,0.514,0.467,713158,647947,2552.0,-325.0
2020-11-04 04:50:40+00:00,0.515,0.466,736897,666784,23739.0,18837.0
2020-11-04 04:51:18+00:00,0.515,0.466,739447,669092,2550.0,2308.0
2020-11-04 04:51:53+00:00,0.516,0.465,742894,669468,3447.0,376.0
2020-11-04 04:52:36+00:00,0.517,0.464,747491,670862,4597.0,1394.0
2020-11-04 04:53:24+00:00,0.517,0.464,747521,670889,30.0,27.0
2020-11-04 04:58:57+00:00,0.518,0.464,752388,673954,4867.0,3065.0
2020-11-04 04:59:12+00:00,0.518,0.464,752573,674119,185.0,165.0
2020-11-04 04:59:51+00:00,0.518,0.463,753832,673792,1259.0,-327.0
2020-11-04 05:00:50+00:00,0.522,0.459,772424,679201,18592.0,5409.0
2020-11-04 05:01:41+00:00,0.522,0.459,772739,679477,315.0,276.0
2020-11-04 05:01:59+00:00,0.522,0.459,773098,679793,359.0,316.0
2020-11-04 05:03:28+00:00,0.522,0.459,775690,682072,2592.0,2279.0
2020-11-04 05:03:54+00:00,0.523,0.459,777661,682498,1971.0,426.0
2020-11-04 05:05:11+00:00,0.523,0.458,778244,681521,583.0,-977.0
2020-11-04 05:08:03+00:00,0.524,0.457,791072,689924,12828.0,8403.0
2020-11-04 05:09:28+00:00,0.525,0.457,794856,691903,3784.0,1979.0
2020-11-04 05:09:41+00:00,0.525,0.456,798651,693685,3795.0,1782.0
2020-11-04 05:10:48+00:00,0.522,0.46,800132,705097,1481.0,11412.0
2020-11-04 05:10:57+00:00,0.522,0.46,800153,705116,21.0,19.0
2020-11-04 05:11:33+00:00,0.522,0.459,800748,704106,595.0,-1010.0
2020-11-04 05:14:00+00:00,0.522,0.459,803260,706315,2512.0,2209.0
2020-11-04 05:14:45+00:00,0.522,0.459,803455,706486,195.0,171.0
2020-11-04 05:16:44+00:00,0.523,0.458,807342,707003,3887.0,517.0
2020-11-04 05:17:51+00:00,0.523,0.458,807745,707356,403.0,353.0
2020-11-04 05:18:01+00:00,0.525,0.456,823877,715596,16132.0,8240.0
2020-11-04 05:18:27+00:00,0.525,0.456,823880,715599,3.0,3.0
2020-11-04 05:19:29+00:00,0.525,0.456,824335,715994,455.0,395.0
2020-11-04 05:19:36+00:00,0.525,0.456,824491,716129,156.0,135.0
2020-11-04 05:20:22+00:00,0.526,0.455,828352,716540,3861.0,411.0
2020-11-04 05:23:34+00:00,0.526,0.455,828768,716900,416.0,360.0
2020-11-04 05:24:10+00:00,0.527,0.454,833142,717735,4374.0,835.0
2020-11-04 05:26:25+00:00,0.528,0.453,839966,720652,6824.0,2917.0
2020-11-04 05:28:50+00:00,0.528,0.453,839974,720660,8.0,8.0
2020-11-04 05:28:59+00:00,0.528,0.453,839981,720666,7.0,6.0
2020-11-04 05:34:42+00:00,0.527,0.454,841741,725143,1760.0,4477.0
2020-11-04 05:35:40+00:00,0.527,0.454,842542,725833,801.0,690.0
2020-11-04 05:38:37+00:00,0.523,0.457,862544,753695,20002.0,27862.0
2020-11-04 05:43:27+00:00,0.523,0.457,862545,753696,1.0,1.0
2020-11-04 05:45:35+00:00,0.523,0.457,862566,753715,21.0,19.0
2020-11-04 05:47:36+00:00,0.524,0.457,866723,755902,4157.0,2187.0
2020-11-04 05:53:35+00:00,0.525,0.456,871894,757302,5171.0,1400.0
2020-11-04 05:58:51+00:00,0.525,0.455,876689,759797,4795.0,2495.0
2020-11-04 05:59:49+00:00,0.526,0.455,880009,761225,3320.0,1428.0
2020-11-04 06:04:24+00:00,0.526,0.455,880271,761451,262.0,226.0
2020-11-04 06:13:23+00:00,0.526,0.455,880374,761540,103.0,89.0
2020-11-04 06:27:48+00:00,0.526,0.454,882438,761648,2064.0,108.0
2020-11-04 10:15:47+00:00,0.527,0.454,888839,765717,6401.0,4069.0
2020-11-04 21:43:29+00:00,0.531,0.449,895585,757284,6746.0,-8433.0
2020-11-04 21:45:47+00:00,0.531,0.449,895594,757291,9.0,7.0
2020-11-05 21:11:37+00:00,0.531,0.449,895598,757295,4.0,4.0
2020-11-05 22:08:38+00:00,0.531,0.449,895622,757315,24.0,20.0
2020-11-05 22:15:37+00:00,0.531,0.449,895623,757316,1.0,1.0
2020-11-05 22:56:36+00:00,0.531,0.449,895650,757339,27.0,23.0
2020-11-06 13:33:34+00:00,0.531,0.449,895653,757341,3.0,2.0
2020-11-06 14:42:41+00:00,0.531,0.449,895663,757349,10.0,8.0
2020-11-06 14:56:42+00:00,0.531,0.449,895667,757353,4.0,4.0
2020-11-06 15:57:46+00:00,0.531,0.449,895668,757354,1.0,1.0
2020-11-06 16:15:36+00:00,0.531,0.449,895670,757356,2.0,2.0
2020-11-06 16:26:37+00:00,0.531,0.449,895682,757366,12.0,10.0
2020-11-06 17:15:38+00:00,0.531,0.449,895689,757372,7.0,6.0
2020-11-06 17:23:37+00:00,0.531,0.449,895698,757379,9.0,7.0
2020-11-06 17:54:37+00:00,0.531,0.449,895699,757380,1.0,1.0
2020-11-06 18:35:37+00:00,0.531,0.449,895704,757384,5.0,4.0
2020-11-06 19:57:36+00:00,0.531,0.449,895704,757384,0.0,0.0
2020-11-06 21:24:39+00:00,0.531,0.449,895705,757385,1.0,1.0
2020-11-06 22:13:28+00:00,0.531,0.449,895771,757441,66.0,56.0
2020-11-06 22:17:02+00:00,0.531,0.449,895775,757445,4.0,4.0
2020-11-06 22:26:38+00:00,0.531,0.449,895780,757449,5.0,4.0
2020-11-07 20:13:57+00:00,0.531,0.449,895527,757234,-253.0,-215.0
2020-11-08 16:21:48+00:00,0.531,0.449,895527,757234,0.0,0.0
