timestamp,trumpd_percent,bidenj_percent,trumpd_count,bidenj_count,trumpd_delta,bidenj_delta
2020-11-04 01:33:46+00:00,0.465,0.522,348,391,,
2020-11-04 01:35:52+00:00,0.595,0.396,693,461,345.0,70.0
2020-11-04 01:51:17+00:00,0.652,0.335,982,505,289.0,44.0
2020-11-04 01:54:13+00:00,0.714,0.274,1507,578,525.0,73.0
2020-11-04 02:00:12+00:00,0.651,0.328,20200,10178,18693.0,9600.0
2020-11-04 02:03:39+00:00,0.651,0.328,20622,10390,422.0,212.0
2020-11-04 02:07:11+00:00,0.645,0.334,21320,11040,698.0,650.0
2020-11-04 02:08:14+00:00,0.63,0.349,23144,12821,1824.0,1781.0
2020-11-04 02:09:10+00:00,0.633,0.346,23719,12965,575.0,144.0
2020-11-04 02:13:48+00:00,0.623,0.356,25268,14439,1549.0,1474.0
2020-11-04 02:17:19+00:00,0.619,0.361,25721,15001,453.0,562.0
2020-11-04 02:19:02+00:00,0.607,0.372,29554,18112,3833.0,3111.0
2020-11-04 02:19:41+00:00,0.601,0.379,30481,19222,927.0,1110.0
2020-11-04 02:19:51+00:00,0.598,0.381,30753,19594,272.0,372.0
2020-11-04 02:20:20+00:00,0.595,0.385,31683,20501,930.0,907.0
2020-11-04 02:20:52+00:00,0.604,0.376,33183,20657,1500.0,156.0
2020-11-04 02:24:32+00:00,0.586,0.395,34425,23204,1242.0,2547.0
2020-11-04 02:25:29+00:00,0.587,0.394,35418,23773,993.0,569.0
2020-11-04 02:26:24+00:00,0.565,0.416,37169,27367,1751.0,3594.0
2020-11-04 02:28:32+00:00,0.563,0.418,37804,28067,635.0,700.0
2020-11-04 02:29:56+00:00,0.556,0.425,38598,29504,794.0,1437.0
2020-11-04 02:30:47+00:00,0.554,0.428,40483,31276,1885.0,1772.0
2020-11-04 02:30:54+00:00,0.545,0.437,41203,33038,720.0,1762.0
2020-11-04 02:31:42+00:00,0.549,0.433,42431,33466,1228.0,428.0
2020-11-04 02:32:21+00:00,0.546,0.436,43323,34595,892.0,1129.0
2020-11-04 02:34:54+00:00,0.565,0.417,47630,35154,4307.0,559.0
2020-11-04 02:35:31+00:00,0.571,0.411,49066,35317,1436.0,163.0
2020-11-04 02:35:56+00:00,0.59,0.393,54472,36284,5406.0,967.0
2020-11-04 02:37:24+00:00,0.597,0.386,57049,36886,2577.0,602.0
2020-11-04 02:38:25+00:00,0.599,0.383,58492,37400,1443.0,514.0
2020-11-04 02:43:47+00:00,0.593,0.39,62385,41029,3893.0,3629.0
2020-11-04 02:44:47+00:00,0.592,0.391,63065,41653,680.0,624.0
2020-11-04 02:46:59+00:00,0.594,0.389,64096,41975,1031.0,322.0
2020-11-04 02:48:47+00:00,0.584,0.399,67492,46112,3396.0,4137.0
2020-11-04 02:49:13+00:00,0.593,0.39,81374,53517,13882.0,7405.0
2020-11-04 02:49:47+00:00,0.593,0.39,85004,55905,3630.0,2388.0
2020-11-04 02:50:14+00:00,0.588,0.396,86919,58538,1915.0,2633.0
2020-11-04 02:50:35+00:00,0.586,0.397,87377,59195,458.0,657.0
2020-11-04 02:51:39+00:00,0.591,0.392,89844,59592,2467.0,397.0
2020-11-04 02:54:00+00:00,0.592,0.392,92665,61359,2821.0,1767.0
2020-11-04 02:55:41+00:00,0.595,0.389,94194,61583,1529.0,224.0
2020-11-04 02:56:45+00:00,0.589,0.395,100551,67432,6357.0,5849.0
2020-11-04 02:59:03+00:00,0.579,0.405,104112,72824,3561.0,5392.0
2020-11-04 03:02:36+00:00,0.586,0.398,110875,75304,6763.0,2480.0
2020-11-04 03:09:21+00:00,0.587,0.397,117938,79764,7063.0,4460.0
2020-11-04 03:09:40+00:00,0.581,0.403,118297,82054,359.0,2290.0
2020-11-04 03:13:33+00:00,0.587,0.397,122796,83050,4499.0,996.0
2020-11-04 03:15:03+00:00,0.585,0.398,123176,83802,380.0,752.0
2020-11-04 03:16:19+00:00,0.582,0.402,127590,88129,4414.0,4327.0
2020-11-04 03:16:53+00:00,0.572,0.411,130076,93463,2486.0,5334.0
2020-11-04 03:17:23+00:00,0.578,0.405,135265,94779,5189.0,1316.0
2020-11-04 03:18:14+00:00,0.578,0.406,137166,96349,1901.0,1570.0
2020-11-04 03:18:55+00:00,0.579,0.405,138599,96948,1433.0,599.0
2020-11-04 03:19:27+00:00,0.577,0.407,142194,100300,3595.0,3352.0
2020-11-04 03:20:32+00:00,0.576,0.408,142566,100984,372.0,684.0
2020-11-04 03:21:40+00:00,0.579,0.405,145028,101445,2462.0,461.0
2020-11-04 03:22:53+00:00,0.578,0.406,146989,103249,1961.0,1804.0
2020-11-04 03:25:53+00:00,0.573,0.411,150368,107855,3379.0,4606.0
2020-11-04 03:27:15+00:00,0.574,0.41,152530,108950,2162.0,1095.0
2020-11-04 03:29:06+00:00,0.588,0.395,167820,112736,15290.0,3786.0
2020-11-04 03:31:48+00:00,0.587,0.397,170228,115128,2408.0,2392.0
2020-11-04 03:33:00+00:00,0.589,0.395,175630,117782,5402.0,2654.0
2020-11-04 03:33:44+00:00,0.581,0.403,182120,126324,6490.0,8542.0
2020-11-04 03:34:42+00:00,0.586,0.398,186919,126952,4799.0,628.0
2020-11-04 03:35:04+00:00,0.582,0.402,187323,129388,404.0,2436.0
2020-11-04 03:39:45+00:00,0.584,0.4,191030,130843,3707.0,1455.0
2020-11-04 03:40:42+00:00,0.588,0.396,195532,131685,4502.0,842.0
2020-11-04 03:40:52+00:00,0.59,0.394,197526,131907,1994.0,222.0
2020-11-04 03:44:17+00:00,0.59,0.394,198644,132654,1118.0,747.0
2020-11-04 03:47:13+00:00,0.595,0.389,208069,136032,9425.0,3378.0
2020-11-04 03:47:18+00:00,0.593,0.391,210309,138669,2240.0,2637.0
2020-11-04 03:49:14+00:00,0.594,0.39,215665,141598,5356.0,2929.0
2020-11-04 03:52:24+00:00,0.6,0.384,225152,144098,9487.0,2500.0
2020-11-04 03:52:48+00:00,0.598,0.386,227439,146808,2287.0,2710.0
2020-11-04 03:53:33+00:00,0.599,0.385,231584,148848,4145.0,2040.0
2020-11-04 03:54:02+00:00,0.6,0.384,235553,150754,3969.0,1906.0
2020-11-04 03:54:21+00:00,0.6,0.384,255315,163402,19762.0,12648.0
2020-11-04 03:54:40+00:00,0.602,0.382,259898,164919,4583.0,1517.0
2020-11-04 03:55:23+00:00,0.605,0.38,267215,167837,7317.0,2918.0
2020-11-04 03:56:37+00:00,0.602,0.382,270240,171481,3025.0,3644.0
2020-11-04 03:58:11+00:00,0.603,0.381,273408,172750,3168.0,1269.0
2020-11-04 03:58:42+00:00,0.603,0.381,273842,173024,434.0,274.0
2020-11-04 04:01:49+00:00,0.609,0.375,282388,173884,8546.0,860.0
2020-11-04 04:02:26+00:00,0.608,0.377,283960,176074,1572.0,2190.0
2020-11-04 04:03:21+00:00,0.608,0.377,287593,178326,3633.0,2252.0
2020-11-04 04:04:34+00:00,0.611,0.374,295924,181139,8331.0,2813.0
2020-11-04 04:04:49+00:00,0.607,0.378,297801,185451,1877.0,4312.0
2020-11-04 04:05:19+00:00,0.604,0.381,298734,188440,933.0,2989.0
2020-11-04 04:05:41+00:00,0.603,0.382,307018,194496,8284.0,6056.0
2020-11-04 04:06:07+00:00,0.6,0.385,310219,199057,3201.0,4561.0
2020-11-04 04:07:04+00:00,0.6,0.385,310233,199066,14.0,9.0
2020-11-04 04:10:52+00:00,0.599,0.386,311516,200743,1283.0,1677.0
2020-11-04 04:10:57+00:00,0.599,0.385,319077,205083,7561.0,4340.0
2020-11-04 04:13:42+00:00,0.599,0.385,320478,205983,1401.0,900.0
2020-11-04 04:19:55+00:00,0.6,0.384,322256,206244,1778.0,261.0
2020-11-04 04:21:25+00:00,0.6,0.384,322667,206507,411.0,263.0
2020-11-04 04:21:34+00:00,0.601,0.383,329857,210208,7190.0,3701.0
2020-11-04 04:24:15+00:00,0.6,0.384,331720,212301,1863.0,2093.0
2020-11-04 04:24:26+00:00,0.607,0.378,346154,215562,14434.0,3261.0
2020-11-04 04:26:53+00:00,0.607,0.378,350478,218255,4324.0,2693.0
2020-11-04 04:28:34+00:00,0.609,0.376,356439,220067,5961.0,1812.0
2020-11-04 04:29:07+00:00,0.612,0.373,361566,220366,5127.0,299.0
2020-11-04 04:30:05+00:00,0.611,0.373,363964,222191,2398.0,1825.0
2020-11-04 04:40:11+00:00,0.611,0.374,364883,223349,919.0,1158.0
2020-11-04 04:48:30+00:00,0.61,0.375,365541,224718,658.0,1369.0
2020-11-04 04:50:36+00:00,0.609,0.376,367338,226797,1797.0,2079.0
2020-11-04 04:52:34+00:00,0.609,0.376,373055,230326,5717.0,3529.0
2020-11-04 04:53:10+00:00,0.608,0.377,374355,232125,1300.0,1799.0
2020-11-04 04:53:54+00:00,0.617,0.368,399843,238480,25488.0,6355.0
2020-11-04 05:01:23+00:00,0.616,0.368,400524,239274,681.0,794.0
2020-11-04 05:02:45+00:00,0.616,0.368,404060,241387,3536.0,2113.0
2020-11-04 05:03:08+00:00,0.614,0.371,415114,250826,11054.0,9439.0
2020-11-04 05:03:26+00:00,0.614,0.371,418033,252590,2919.0,1764.0
2020-11-04 05:04:21+00:00,0.614,0.37,419084,252542,1051.0,-48.0
2020-11-04 05:06:36+00:00,0.617,0.368,429449,256138,10365.0,3596.0
2020-11-04 05:09:35+00:00,0.619,0.366,441708,261172,12259.0,5034.0
2020-11-04 05:09:40+00:00,0.619,0.365,445532,262713,3824.0,1541.0
2020-11-04 05:10:14+00:00,0.619,0.365,446401,263225,869.0,512.0
2020-11-04 05:10:46+00:00,0.62,0.364,461180,270757,14779.0,7532.0
2020-11-04 05:11:01+00:00,0.62,0.364,463975,272398,2795.0,1641.0
2020-11-04 05:11:48+00:00,0.62,0.364,464480,272695,505.0,297.0
2020-11-04 05:13:01+00:00,0.619,0.366,468603,277074,4123.0,4379.0
2020-11-04 05:14:05+00:00,0.618,0.367,469179,278623,576.0,1549.0
2020-11-04 05:32:45+00:00,0.618,0.366,471760,279392,2581.0,769.0
2020-11-04 05:35:41+00:00,0.618,0.367,472408,280540,648.0,1148.0
2020-11-04 05:36:28+00:00,0.617,0.368,473585,282462,1177.0,1922.0
2020-11-04 05:38:52+00:00,0.617,0.368,477043,284525,3458.0,2063.0
2020-11-04 05:39:18+00:00,0.613,0.371,477960,289271,917.0,4746.0
2020-11-04 05:39:26+00:00,0.614,0.371,479901,289973,1941.0,702.0
2020-11-04 05:40:02+00:00,0.614,0.371,482909,291790,3008.0,1817.0
2020-11-04 05:41:08+00:00,0.613,0.372,483648,293502,739.0,1712.0
2020-11-04 05:49:52+00:00,0.62,0.364,522279,306628,38631.0,13126.0
2020-11-04 05:54:08+00:00,0.621,0.364,529015,310083,6736.0,3455.0
2020-11-04 06:21:58+00:00,0.621,0.364,529907,310606,892.0,523.0
2020-11-04 06:31:16+00:00,0.621,0.364,530610,311018,703.0,412.0
2020-11-04 06:40:57+00:00,0.621,0.364,531798,311714,1188.0,696.0
2020-11-04 06:57:48+00:00,0.621,0.364,536152,314266,4354.0,2552.0
2020-11-04 06:58:35+00:00,0.62,0.364,536038,314706,-114.0,440.0
2020-11-04 06:59:10+00:00,0.62,0.364,536945,315239,907.0,533.0
2020-11-04 07:03:04+00:00,0.62,0.364,537472,315548,527.0,309.0
2020-11-04 07:57:51+00:00,0.62,0.365,541506,318790,4034.0,3242.0
2020-11-04 08:07:22+00:00,0.62,0.365,542500,319375,994.0,585.0
2020-11-04 08:40:12+00:00,0.619,0.366,542825,320960,325.0,1585.0
2020-11-04 15:14:55+00:00,0.618,0.367,544108,323119,1283.0,2159.0
2020-11-04 16:39:58+00:00,0.622,0.363,585535,341719,41427.0,18600.0
2020-11-04 19:45:12+00:00,0.593,0.392,606749,401089,21214.0,59370.0
2020-11-05 21:23:29+00:00,0.593,0.392,614650,406312,7901.0,5223.0
2020-11-06 14:42:51+00:00,0.598,0.387,633979,410284,19329.0,3972.0
2020-11-06 14:49:16+00:00,0.597,0.387,634978,411619,999.0,1335.0
2020-11-06 15:34:32+00:00,0.596,0.388,636799,414561,1821.0,2942.0
2020-11-06 17:22:48+00:00,0.598,0.387,642373,415717,5574.0,1156.0
2020-11-06 18:21:27+00:00,0.598,0.387,642944,416086,571.0,369.0
2020-11-06 18:26:17+00:00,0.597,0.387,643167,416927,223.0,841.0
2020-11-06 18:37:42+00:00,0.596,0.389,652646,425972,9479.0,9045.0
2020-11-06 18:40:23+00:00,0.596,0.389,652925,426154,279.0,182.0
2020-11-06 18:41:07+00:00,0.597,0.387,662724,429605,9799.0,3451.0
2020-11-06 18:50:44+00:00,0.598,0.387,666467,431309,3743.0,1704.0
2020-11-06 20:04:47+00:00,0.598,0.387,667208,431789,741.0,480.0
2020-11-06 20:05:07+00:00,0.598,0.387,669678,433387,2470.0,1598.0
2020-11-06 20:35:13+00:00,0.598,0.387,674960,436805,5282.0,3418.0
2020-11-06 22:29:28+00:00,0.595,0.389,683317,446740,8357.0,9935.0
2020-11-08 16:30:05+00:00,0.595,0.389,683317,446740,0.0,0.0
