timestamp,trumpd_percent,bidenj_percent,trumpd_count,bidenj_count,trumpd_delta,bidenj_delta
2020-11-04 00:39:55+00:00,0.281,0.719,9,23,,
2020-11-04 00:42:17+00:00,0.47,0.519,60146,66416,60137.0,66393.0
2020-11-04 00:43:31+00:00,0.304,0.685,147291,331890,87145.0,265474.0
2020-11-04 00:44:11+00:00,0.305,0.684,147899,331681,608.0,-209.0
2020-11-04 00:44:56+00:00,0.333,0.656,354612,698576,206713.0,366895.0
2020-11-04 00:47:56+00:00,0.345,0.644,401018,748568,46406.0,49992.0
2020-11-04 00:50:54+00:00,0.361,0.628,448121,779556,47103.0,30988.0
2020-11-04 00:54:39+00:00,0.388,0.601,529906,820807,81785.0,41251.0
2020-11-04 00:56:54+00:00,0.385,0.604,585285,918214,55379.0,97407.0
2020-11-04 00:59:59+00:00,0.391,0.597,699342,1067794,114057.0,149580.0
2020-11-04 01:01:19+00:00,0.391,0.597,699345,1067798,3.0,4.0
2020-11-04 01:02:57+00:00,0.404,0.585,778294,1126986,78949.0,59188.0
2020-11-04 01:05:59+00:00,0.419,0.569,892515,1212031,114221.0,85045.0
2020-11-04 01:09:05+00:00,0.429,0.56,986466,1287695,93951.0,75664.0
2020-11-04 01:10:28+00:00,0.429,0.56,986471,1287701,5.0,6.0
2020-11-04 01:11:56+00:00,0.424,0.564,1063629,1414828,77158.0,127127.0
2020-11-04 01:14:57+00:00,0.432,0.556,1122387,1444554,58758.0,29726.0
2020-11-04 01:15:24+00:00,0.432,0.556,1122481,1444675,94.0,121.0
2020-11-04 01:16:33+00:00,0.432,0.556,1122554,1444769,73.0,94.0
2020-11-04 01:17:49+00:00,0.432,0.556,1122694,1444949,140.0,180.0
2020-11-04 01:19:09+00:00,0.435,0.553,1155765,1469283,33071.0,24334.0
2020-11-04 01:20:46+00:00,0.435,0.553,1155777,1469298,12.0,15.0
2020-11-04 01:21:00+00:00,0.436,0.552,1163064,1472504,7287.0,3206.0
2020-11-04 01:22:45+00:00,0.436,0.552,1163112,1472564,48.0,60.0
2020-11-04 01:23:58+00:00,0.436,0.552,1163214,1472693,102.0,129.0
2020-11-04 01:26:57+00:00,0.437,0.551,1169840,1475015,6626.0,2322.0
2020-11-04 01:27:40+00:00,0.437,0.551,1169850,1475029,10.0,14.0
2020-11-04 01:29:58+00:00,0.443,0.545,1233371,1517352,63521.0,42323.0
2020-11-04 01:31:31+00:00,0.443,0.545,1233372,1517354,1.0,2.0
2020-11-04 01:32:55+00:00,0.444,0.544,1238402,1517322,5030.0,-32.0
2020-11-04 01:36:02+00:00,0.435,0.553,1334155,1696064,95753.0,178742.0
2020-11-04 01:37:38+00:00,0.435,0.553,1334165,1696076,10.0,12.0
2020-11-04 01:37:55+00:00,0.435,0.553,1334379,1696349,214.0,273.0
2020-11-04 01:38:41+00:00,0.435,0.553,1334391,1696363,12.0,14.0
2020-11-04 01:42:18+00:00,0.438,0.55,1364901,1713917,30510.0,17554.0
2020-11-04 01:42:55+00:00,0.438,0.55,1365058,1714114,157.0,197.0
2020-11-04 01:44:56+00:00,0.439,0.549,1372195,1716025,7137.0,1911.0
2020-11-04 01:45:53+00:00,0.439,0.549,1372620,1716557,425.0,532.0
2020-11-04 01:47:57+00:00,0.439,0.549,1373525,1717689,905.0,1132.0
2020-11-04 01:51:21+00:00,0.443,0.545,1407909,1732078,34384.0,14389.0
2020-11-04 01:52:20+00:00,0.443,0.545,1409884,1734508,1975.0,2430.0
2020-11-04 01:53:41+00:00,0.443,0.545,1409917,1734549,33.0,41.0
2020-11-04 01:53:57+00:00,0.447,0.541,1445099,1748990,35182.0,14441.0
2020-11-04 01:55:43+00:00,0.449,0.539,1464528,1758086,19429.0,9096.0
2020-11-04 01:55:57+00:00,0.449,0.539,1464532,1758090,4.0,4.0
2020-11-04 01:59:32+00:00,0.451,0.537,1491314,1775689,26782.0,17599.0
2020-11-04 01:59:53+00:00,0.451,0.536,1493940,1775503,2626.0,-186.0
2020-11-04 02:01:17+00:00,0.454,0.534,1520777,1788755,26837.0,13252.0
2020-11-04 02:03:04+00:00,0.457,0.531,1550629,1801715,29852.0,12960.0
2020-11-04 02:03:53+00:00,0.457,0.53,1552385,1800359,1756.0,-1356.0
2020-11-04 02:04:21+00:00,0.457,0.53,1553836,1802042,1451.0,1683.0
2020-11-04 02:04:53+00:00,0.457,0.53,1554657,1802994,821.0,952.0
2020-11-04 02:05:21+00:00,0.457,0.53,1554725,1803073,68.0,79.0
2020-11-04 02:06:50+00:00,0.464,0.523,1617639,1823330,62914.0,20257.0
2020-11-04 02:10:58+00:00,0.467,0.52,1680842,1871602,63203.0,48272.0
2020-11-04 02:12:31+00:00,0.47,0.517,1705939,1876533,25097.0,4931.0
2020-11-04 02:15:18+00:00,0.474,0.514,1742461,1889504,36522.0,12971.0
2020-11-04 02:16:24+00:00,0.474,0.514,1742462,1889506,1.0,2.0
2020-11-04 02:18:11+00:00,0.474,0.514,1742533,1889582,71.0,76.0
2020-11-04 02:20:44+00:00,0.475,0.512,1755997,1892780,13464.0,3198.0
2020-11-04 02:22:05+00:00,0.476,0.511,1762986,1892617,6989.0,-163.0
2020-11-04 02:22:22+00:00,0.476,0.511,1763015,1892648,29.0,31.0
2020-11-04 02:27:03+00:00,0.48,0.507,1805318,1906867,42303.0,14219.0
2020-11-04 02:28:26+00:00,0.48,0.507,1805388,1906942,70.0,75.0
2020-11-04 02:28:39+00:00,0.48,0.507,1805407,1906961,19.0,19.0
2020-11-04 02:28:49+00:00,0.48,0.507,1808580,1910313,3173.0,3352.0
2020-11-04 02:29:14+00:00,0.48,0.507,1808599,1910332,19.0,19.0
2020-11-04 02:29:29+00:00,0.48,0.507,1808845,1910592,246.0,260.0
2020-11-04 02:29:53+00:00,0.48,0.507,1810374,1912208,1529.0,1616.0
2020-11-04 02:33:18+00:00,0.484,0.503,1900712,1975327,90338.0,63119.0
2020-11-04 02:39:28+00:00,0.492,0.495,1996178,2008350,95466.0,33023.0
2020-11-04 03:00:12+00:00,0.505,0.481,2195812,2091456,199634.0,83106.0
2020-11-04 03:01:47+00:00,0.505,0.481,2195828,2091472,16.0,16.0
2020-11-04 03:02:11+00:00,0.505,0.482,2213689,2112867,17861.0,21395.0
2020-11-04 03:03:05+00:00,0.508,0.479,2259094,2130130,45405.0,17263.0
2020-11-04 03:10:54+00:00,0.512,0.474,2339686,2166037,80592.0,35907.0
2020-11-04 03:12:19+00:00,0.512,0.474,2339709,2166059,23.0,22.0
2020-11-04 03:12:48+00:00,0.512,0.474,2339712,2166062,3.0,3.0
2020-11-04 03:18:54+00:00,0.518,0.468,2428082,2193711,88370.0,27649.0
2020-11-04 03:19:45+00:00,0.518,0.468,2428253,2193866,171.0,155.0
2020-11-04 03:20:48+00:00,0.518,0.468,2428324,2193930,71.0,64.0
2020-11-04 03:45:20+00:00,0.525,0.461,2665058,2340174,236734.0,146244.0
2020-11-04 03:45:27+00:00,0.525,0.461,2665345,2340426,287.0,252.0
2020-11-04 03:45:59+00:00,0.525,0.461,2665458,2340526,113.0,100.0
2020-11-04 03:46:19+00:00,0.527,0.459,2709966,2360293,44508.0,19767.0
2020-11-04 03:46:40+00:00,0.527,0.459,2713372,2363260,3406.0,2967.0
2020-11-04 03:48:11+00:00,0.527,0.459,2713411,2363294,39.0,34.0
2020-11-04 03:49:06+00:00,0.526,0.46,2717807,2376789,4396.0,13495.0
2020-11-04 03:49:18+00:00,0.527,0.459,2732508,2379926,14701.0,3137.0
2020-11-04 03:49:49+00:00,0.527,0.459,2732543,2379957,35.0,31.0
2020-11-04 03:50:13+00:00,0.527,0.459,2732566,2379977,23.0,20.0
2020-11-04 03:51:31+00:00,0.528,0.458,2748098,2383767,15532.0,3790.0
2020-11-04 03:52:26+00:00,0.527,0.458,2742978,2383841,-5120.0,74.0
2020-11-04 03:53:17+00:00,0.527,0.458,2743027,2383883,49.0,42.0
2020-11-04 03:55:33+00:00,0.528,0.458,2764222,2397753,21195.0,13870.0
2020-11-04 03:56:46+00:00,0.528,0.457,2767174,2395073,2952.0,-2680.0
2020-11-04 03:57:36+00:00,0.529,0.456,2807045,2419684,39871.0,24611.0
2020-11-04 04:00:24+00:00,0.529,0.456,2810699,2422833,3654.0,3149.0
2020-11-04 04:00:34+00:00,0.529,0.456,2814067,2425737,3368.0,2904.0
2020-11-04 04:03:55+00:00,0.53,0.456,2838121,2441855,24054.0,16118.0
2020-11-04 04:04:22+00:00,0.53,0.455,2845629,2442946,7508.0,1091.0
2020-11-04 04:04:43+00:00,0.531,0.455,2858794,2449626,13165.0,6680.0
2020-11-04 04:05:54+00:00,0.531,0.455,2858796,2449627,2.0,1.0
2020-11-04 04:08:50+00:00,0.531,0.455,2860396,2450998,1600.0,1371.0
2020-11-04 04:11:41+00:00,0.531,0.455,2860410,2451010,14.0,12.0
2020-11-04 04:11:47+00:00,0.531,0.455,2860439,2451035,29.0,25.0
2020-11-04 04:15:02+00:00,0.531,0.455,2861185,2451675,746.0,640.0
2020-11-04 04:15:57+00:00,0.53,0.455,2855951,2451807,-5234.0,132.0
2020-11-04 04:16:45+00:00,0.531,0.454,2889275,2470303,33324.0,18496.0
2020-11-04 04:30:20+00:00,0.532,0.453,2934765,2498963,45490.0,28660.0
2020-11-04 04:31:17+00:00,0.532,0.453,2941462,2504666,6697.0,5703.0
2020-11-04 04:31:49+00:00,0.532,0.453,2941480,2504681,18.0,15.0
2020-11-04 04:32:59+00:00,0.532,0.453,2947761,2510030,6281.0,5349.0
2020-11-04 04:45:54+00:00,0.532,0.453,2963870,2523747,16109.0,13717.0
2020-11-04 04:45:57+00:00,0.532,0.453,2965263,2524933,1393.0,1186.0
2020-11-04 04:47:46+00:00,0.532,0.453,2965334,2524993,71.0,60.0
2020-11-04 04:48:49+00:00,0.532,0.453,2965337,2524995,3.0,2.0
2020-11-04 04:49:56+00:00,0.532,0.453,2967989,2527254,2652.0,2259.0
2020-11-04 04:55:23+00:00,0.532,0.453,2968197,2527431,208.0,177.0
2020-11-04 04:58:45+00:00,0.533,0.452,2992419,2537661,24222.0,10230.0
2020-11-04 05:00:40+00:00,0.533,0.452,2993242,2538359,823.0,698.0
2020-11-04 05:01:27+00:00,0.533,0.452,2993432,2538521,190.0,162.0
2020-11-04 05:02:15+00:00,0.533,0.452,2993467,2538550,35.0,29.0
2020-11-04 05:02:37+00:00,0.533,0.452,2993489,2538569,22.0,19.0
2020-11-04 05:02:58+00:00,0.533,0.452,2993604,2538666,115.0,97.0
2020-11-04 05:06:16+00:00,0.533,0.452,2996343,2540989,2739.0,2323.0
2020-11-04 05:09:38+00:00,0.534,0.452,3006232,2544601,9889.0,3612.0
2020-11-04 05:12:29+00:00,0.533,0.451,3001427,2539669,-4805.0,-4932.0
2020-11-04 05:13:16+00:00,0.533,0.451,3001456,2539693,29.0,24.0
2020-11-04 05:14:08+00:00,0.533,0.451,3001464,2539700,8.0,7.0
2020-11-04 05:27:18+00:00,0.533,0.451,3002431,2540519,967.0,819.0
2020-11-04 05:30:37+00:00,0.533,0.451,3003824,2541698,1393.0,1179.0
2020-11-04 05:35:31+00:00,0.533,0.451,3004279,2542082,455.0,384.0
2020-11-04 05:39:15+00:00,0.533,0.451,3008878,2545974,4599.0,3892.0
2020-11-04 05:43:50+00:00,0.533,0.451,3010341,2547212,1463.0,1238.0
2020-11-04 05:49:24+00:00,0.534,0.451,3021972,2552265,11631.0,5053.0
2020-11-04 05:53:11+00:00,0.533,0.451,3017362,2553152,-4610.0,887.0
2020-11-04 05:54:18+00:00,0.533,0.451,3021637,2556770,4275.0,3618.0
2020-11-04 06:00:05+00:00,0.533,0.452,3030394,2569865,8757.0,13095.0
2020-11-04 06:06:39+00:00,0.533,0.452,3032202,2571398,1808.0,1533.0
2020-11-04 06:20:52+00:00,0.533,0.452,3037778,2576127,5576.0,4729.0
2020-11-04 06:23:50+00:00,0.533,0.452,3038980,2577146,1202.0,1019.0
