timestamp,inhofej_percent,broylesa_percent,inhofej_count,broylesa_count,inhofej_delta,broylesa_delta
2020-11-04 01:12:56+00:00,0.493,0.472,8634,8267,,
2020-11-04 01:13:20+00:00,0.605,0.364,67370,40533,58736.0,32266.0
2020-11-04 01:15:56+00:00,0.601,0.368,69563,42595,2193.0,2062.0
2020-11-04 01:16:56+00:00,0.598,0.371,74889,46461,5326.0,3866.0
2020-11-04 01:17:56+00:00,0.599,0.37,81744,50493,6855.0,4032.0
2020-11-04 01:19:57+00:00,0.601,0.368,85873,52581,4129.0,2088.0
2020-11-04 01:20:57+00:00,0.601,0.367,86521,52834,648.0,253.0
2020-11-04 01:21:57+00:00,0.603,0.365,89674,54280,3153.0,1446.0
2020-11-04 01:23:56+00:00,0.599,0.369,92721,57119,3047.0,2839.0
2020-11-04 01:24:58+00:00,0.604,0.364,103603,62436,10882.0,5317.0
2020-11-04 01:25:56+00:00,0.606,0.362,112751,67353,9148.0,4917.0
2020-11-04 01:27:59+00:00,0.61,0.358,117097,68723,4346.0,1370.0
2020-11-04 01:29:05+00:00,0.611,0.357,130345,76159,13248.0,7436.0
2020-11-04 01:29:57+00:00,0.61,0.358,134751,79084,4406.0,2925.0
2020-11-04 01:31:58+00:00,0.529,0.44,173638,144425,38887.0,65341.0
2020-11-04 01:32:58+00:00,0.532,0.437,176507,144988,2869.0,563.0
2020-11-04 01:33:59+00:00,0.534,0.434,180697,146859,4190.0,1871.0
2020-11-04 01:35:01+00:00,0.538,0.431,185542,148640,4845.0,1781.0
2020-11-04 01:36:59+00:00,0.539,0.43,188009,149989,2467.0,1349.0
2020-11-04 01:37:59+00:00,0.541,0.427,191133,150857,3124.0,868.0
2020-11-04 01:38:59+00:00,0.543,0.425,194114,151931,2981.0,1074.0
2020-11-04 01:40:58+00:00,0.521,0.448,212865,183039,18751.0,31108.0
2020-11-04 01:42:00+00:00,0.524,0.444,217867,184605,5002.0,1566.0
2020-11-04 01:43:01+00:00,0.523,0.445,231062,196601,13195.0,11996.0
2020-11-04 01:44:58+00:00,0.525,0.443,235078,198361,4016.0,1760.0
2020-11-04 01:46:03+00:00,0.528,0.44,249695,208079,14617.0,9718.0
2020-11-04 01:47:01+00:00,0.531,0.436,257181,211169,7486.0,3090.0
2020-11-04 01:49:02+00:00,0.536,0.43,265214,212765,8033.0,1596.0
2020-11-04 01:50:00+00:00,0.538,0.429,273145,217805,7931.0,5040.0
2020-11-04 01:51:05+00:00,0.541,0.426,289314,227815,16169.0,10010.0
2020-11-04 01:53:00+00:00,0.544,0.422,298540,231588,9226.0,3773.0
2020-11-04 01:54:00+00:00,0.548,0.418,306533,233815,7993.0,2227.0
2020-11-04 01:55:04+00:00,0.551,0.414,317123,238274,10590.0,4459.0
2020-11-04 01:57:03+00:00,0.555,0.41,327863,242205,10740.0,3931.0
2020-11-04 01:58:01+00:00,0.558,0.406,335719,244269,7856.0,2064.0
2020-11-04 01:58:55+00:00,0.559,0.405,340593,246762,4874.0,2493.0
2020-11-04 01:59:04+00:00,0.564,0.4,352004,249648,11411.0,2886.0
2020-11-04 02:00:01+00:00,0.567,0.396,360425,251726,8421.0,2078.0
2020-11-04 02:02:08+00:00,0.57,0.393,378551,261001,18126.0,9275.0
2020-11-04 02:03:01+00:00,0.573,0.39,385530,262403,6979.0,1402.0
2020-11-04 02:03:22+00:00,0.574,0.389,398354,269964,12824.0,7561.0
2020-11-04 02:04:03+00:00,0.577,0.386,409417,273891,11063.0,3927.0
2020-11-04 02:06:12+00:00,0.579,0.383,420675,278270,11258.0,4379.0
2020-11-04 02:07:02+00:00,0.581,0.382,438897,288569,18222.0,10299.0
2020-11-04 02:08:03+00:00,0.582,0.38,443188,289367,4291.0,798.0
2020-11-04 02:08:20+00:00,0.584,0.378,450611,291663,7423.0,2296.0
2020-11-04 02:10:14+00:00,0.586,0.376,462291,296624,11680.0,4961.0
2020-11-04 02:11:02+00:00,0.588,0.374,470898,299517,8607.0,2893.0
2020-11-04 02:12:02+00:00,0.588,0.374,471667,300006,769.0,489.0
2020-11-04 02:14:17+00:00,0.593,0.368,496830,308320,25163.0,8314.0
2020-11-04 02:15:02+00:00,0.596,0.365,513183,314281,16353.0,5961.0
2020-11-04 02:17:04+00:00,0.599,0.362,523440,316336,10257.0,2055.0
2020-11-04 02:20:14+00:00,0.602,0.358,564570,335741,41130.0,19405.0
2020-11-04 02:23:49+00:00,0.607,0.353,598666,348154,34096.0,12413.0
2020-11-04 02:24:03+00:00,0.608,0.352,602524,348830,3858.0,676.0
2020-11-04 02:24:39+00:00,0.61,0.35,611910,351096,9386.0,2266.0
2020-11-04 02:28:21+00:00,0.612,0.348,629435,357914,17525.0,6818.0
2020-11-04 02:29:08+00:00,0.613,0.346,634636,358212,5201.0,298.0
2020-11-04 02:29:23+00:00,0.614,0.346,637471,359226,2835.0,1014.0
2020-11-04 02:32:46+00:00,0.614,0.345,653110,366975,15639.0,7749.0
2020-11-04 02:34:41+00:00,0.615,0.344,663578,371172,10468.0,4197.0
2020-11-04 02:34:54+00:00,0.619,0.34,689160,378537,25582.0,7365.0
2020-11-04 02:38:34+00:00,0.62,0.338,708731,386373,19571.0,7836.0
2020-11-04 02:39:53+00:00,0.621,0.338,712261,387672,3530.0,1299.0
2020-11-04 02:40:14+00:00,0.621,0.337,715411,388234,3150.0,562.0
2020-11-04 02:40:30+00:00,0.622,0.336,722979,390548,7568.0,2314.0
2020-11-04 02:42:35+00:00,0.622,0.336,725197,391746,2218.0,1198.0
2020-11-04 02:44:27+00:00,0.623,0.335,737456,396546,12259.0,4800.0
2020-11-04 02:44:33+00:00,0.624,0.334,742778,397577,5322.0,1031.0
2020-11-04 02:47:27+00:00,0.624,0.334,749012,400914,6234.0,3337.0
2020-11-04 02:47:34+00:00,0.624,0.334,755942,404623,6930.0,3709.0
2020-11-04 02:48:30+00:00,0.624,0.334,757937,405690,1995.0,1067.0
2020-11-04 02:51:28+00:00,0.624,0.334,763749,408802,5812.0,3112.0
2020-11-04 02:53:00+00:00,0.625,0.333,771913,411275,8164.0,2473.0
2020-11-04 02:57:00+00:00,0.626,0.332,779662,413495,7749.0,2220.0
2020-11-04 02:57:08+00:00,0.626,0.332,786324,417028,6662.0,3533.0
2020-11-04 02:58:35+00:00,0.627,0.331,792899,418580,6575.0,1552.0
2020-11-04 02:59:33+00:00,0.627,0.331,805773,425376,12874.0,6796.0
2020-11-04 03:00:33+00:00,0.628,0.33,809383,425313,3610.0,-63.0
2020-11-04 03:01:56+00:00,0.628,0.33,809862,425564,479.0,251.0
2020-11-04 03:02:48+00:00,0.628,0.33,813648,427554,3786.0,1990.0
2020-11-04 03:04:33+00:00,0.629,0.329,819381,428579,5733.0,1025.0
2020-11-04 03:05:08+00:00,0.629,0.329,819759,428777,378.0,198.0
2020-11-04 03:06:34+00:00,0.629,0.329,826252,432173,6493.0,3396.0
2020-11-04 03:07:22+00:00,0.629,0.329,829682,433967,3430.0,1794.0
2020-11-04 03:09:16+00:00,0.629,0.329,831664,435004,1982.0,1037.0
2020-11-04 03:11:02+00:00,0.629,0.329,833092,435751,1428.0,747.0
2020-11-04 03:11:30+00:00,0.629,0.328,834311,435062,1219.0,-689.0
2020-11-04 03:13:08+00:00,0.63,0.328,837573,436070,3262.0,1008.0
2020-11-04 03:15:09+00:00,0.629,0.328,850611,443562,13038.0,7492.0
2020-11-04 03:16:31+00:00,0.629,0.328,851128,443831,517.0,269.0
2020-11-04 03:19:22+00:00,0.629,0.328,851223,443881,95.0,50.0
2020-11-04 03:21:22+00:00,0.629,0.328,855240,445976,4017.0,2095.0
2020-11-04 03:25:24+00:00,0.629,0.328,859454,448173,4214.0,2197.0
2020-11-04 03:26:19+00:00,0.629,0.328,859725,448315,271.0,142.0
2020-11-04 03:27:15+00:00,0.629,0.328,861185,449076,1460.0,761.0
2020-11-04 03:29:12+00:00,0.63,0.328,865766,450748,4581.0,1672.0
2020-11-04 03:33:44+00:00,0.629,0.328,871823,454623,6057.0,3875.0
2020-11-04 03:37:06+00:00,0.629,0.328,872595,455026,772.0,403.0
2020-11-04 03:37:46+00:00,0.63,0.328,885146,460838,12551.0,5812.0
2020-11-04 03:39:08+00:00,0.629,0.328,893203,465772,8057.0,4934.0
2020-11-04 03:43:00+00:00,0.629,0.328,898809,468695,5606.0,2923.0
2020-11-04 03:47:20+00:00,0.629,0.328,902675,470711,3866.0,2016.0
2020-11-04 03:48:20+00:00,0.629,0.328,904242,471529,1567.0,818.0
2020-11-04 03:52:50+00:00,0.628,0.328,908655,474584,4413.0,3055.0
2020-11-04 03:53:36+00:00,0.628,0.329,909498,476473,843.0,1889.0
2020-11-04 03:54:59+00:00,0.628,0.329,910464,476979,966.0,506.0
2020-11-04 04:00:23+00:00,0.628,0.329,911035,477278,571.0,299.0
2020-11-04 04:00:52+00:00,0.628,0.329,917623,480729,6588.0,3451.0
2020-11-04 04:06:31+00:00,0.628,0.328,924522,482871,6899.0,2142.0
2020-11-04 04:07:48+00:00,0.628,0.328,925619,483444,1097.0,573.0
2020-11-04 04:09:35+00:00,0.628,0.328,926276,483788,657.0,344.0
2020-11-04 04:12:16+00:00,0.628,0.328,926973,484151,697.0,363.0
2020-11-04 04:16:39+00:00,0.628,0.329,937477,491130,10504.0,6979.0
2020-11-04 04:22:53+00:00,0.628,0.329,937948,491377,471.0,247.0
2020-11-04 04:23:32+00:00,0.628,0.329,952500,499001,14552.0,7624.0
2020-11-04 04:26:17+00:00,0.628,0.328,955035,498808,2535.0,-193.0
2020-11-04 04:28:05+00:00,0.628,0.328,955820,499218,785.0,410.0
2020-11-04 04:32:37+00:00,0.628,0.328,957714,500207,1894.0,989.0
2020-11-04 04:37:06+00:00,0.628,0.328,959522,501152,1808.0,945.0
2020-11-04 04:44:33+00:00,0.628,0.328,959837,501316,315.0,164.0
2020-11-04 04:54:32+00:00,0.628,0.328,960268,501541,431.0,225.0
2020-11-04 05:10:11+00:00,0.628,0.328,962785,502856,2517.0,1315.0
2020-11-04 05:13:28+00:00,0.629,0.328,972974,507370,10189.0,4514.0
2020-11-04 05:21:47+00:00,0.629,0.328,974590,508212,1616.0,842.0
2020-11-04 05:39:21+00:00,0.629,0.328,975005,508429,415.0,217.0
2020-11-04 05:42:56+00:00,0.629,0.328,976007,508951,1002.0,522.0
2020-11-04 05:52:40+00:00,0.629,0.327,977125,507981,1118.0,-970.0
2020-11-04 05:59:53+00:00,0.629,0.327,977152,507994,27.0,13.0
2020-11-04 06:30:53+00:00,0.629,0.328,977657,509812,505.0,1818.0
2020-11-04 06:33:52+00:00,0.629,0.328,977662,509814,5.0,2.0
2020-11-07 00:29:03+00:00,0.629,0.328,978951,510486,1289.0,672.0
2020-11-08 16:37:11+00:00,0.629,0.328,978951,510486,0.0,0.0
