timestamp,roundsm_percent,ahlersd_percent,roundsm_count,ahlersd_count,roundsm_delta,ahlersd_delta
2020-11-04 02:03:27+00:00,0.795,0.205,236,61,,
2020-11-04 02:04:03+00:00,0.749,0.251,8151,2731,7915.0,2670.0
2020-11-04 02:06:03+00:00,0.731,0.269,9839,3620,1688.0,889.0
2020-11-04 02:10:27+00:00,0.733,0.267,10316,3757,477.0,137.0
2020-11-04 02:11:07+00:00,0.72,0.28,12414,4828,2098.0,1071.0
2020-11-04 02:17:17+00:00,0.722,0.278,13271,5110,857.0,282.0
2020-11-04 02:17:51+00:00,0.717,0.283,14800,5841,1529.0,731.0
2020-11-04 02:22:45+00:00,0.659,0.341,22048,11408,7248.0,5567.0
2020-11-04 02:28:17+00:00,0.666,0.334,24426,12250,2378.0,842.0
2020-11-04 02:31:17+00:00,0.666,0.334,34085,17093,9659.0,4843.0
2020-11-04 02:36:27+00:00,0.669,0.331,40964,20267,6879.0,3174.0
2020-11-04 02:37:03+00:00,0.669,0.331,42346,20952,1382.0,685.0
2020-11-04 02:40:34+00:00,0.655,0.345,48991,25805,6645.0,4853.0
2020-11-04 02:41:08+00:00,0.658,0.342,51048,26533,2057.0,728.0
2020-11-04 02:43:32+00:00,0.66,0.34,52108,26843,1060.0,310.0
2020-11-04 02:46:55+00:00,0.66,0.34,52307,26946,199.0,103.0
2020-11-04 02:47:15+00:00,0.662,0.338,53214,27169,907.0,223.0
2020-11-04 02:48:10+00:00,0.661,0.339,53836,27611,622.0,442.0
2020-11-04 02:49:17+00:00,0.659,0.341,53975,27929,139.0,318.0
2020-11-04 02:51:42+00:00,0.659,0.341,54091,27990,116.0,61.0
2020-11-04 02:51:46+00:00,0.66,0.34,54539,28096,448.0,106.0
2020-11-04 02:55:34+00:00,0.659,0.341,55126,28525,587.0,429.0
2020-11-04 02:56:00+00:00,0.66,0.34,55704,28696,578.0,171.0
2020-11-04 02:56:40+00:00,0.664,0.336,58824,29767,3120.0,1071.0
2020-11-04 02:58:21+00:00,0.665,0.335,60834,30645,2010.0,878.0
2020-11-04 02:58:39+00:00,0.666,0.334,62546,31367,1712.0,722.0
2020-11-04 02:59:35+00:00,0.668,0.332,63982,31800,1436.0,433.0
2020-11-04 03:01:49+00:00,0.672,0.328,69991,34163,6009.0,2363.0
2020-11-04 03:06:58+00:00,0.679,0.321,74927,35422,4936.0,1259.0
2020-11-04 03:12:12+00:00,0.681,0.319,80040,37493,5113.0,2071.0
2020-11-04 03:16:35+00:00,0.685,0.315,84579,38894,4539.0,1401.0
2020-11-04 03:17:46+00:00,0.685,0.315,85556,39344,977.0,450.0
2020-11-04 03:23:11+00:00,0.686,0.314,88408,40466,2852.0,1122.0
2020-11-04 03:23:45+00:00,0.686,0.314,88656,40580,248.0,114.0
2020-11-04 03:27:55+00:00,0.688,0.312,93022,42184,4366.0,1604.0
2020-11-04 03:32:41+00:00,0.691,0.309,95635,42766,2613.0,582.0
2020-11-04 03:35:47+00:00,0.691,0.309,96561,43180,926.0,414.0
2020-11-04 03:36:09+00:00,0.691,0.309,98052,43847,1491.0,667.0
2020-11-04 03:37:18+00:00,0.694,0.306,103936,45828,5884.0,1981.0
2020-11-04 03:42:59+00:00,0.696,0.304,106393,46470,2457.0,642.0
2020-11-04 03:43:19+00:00,0.696,0.304,106852,46671,459.0,201.0
2020-11-04 03:46:24+00:00,0.696,0.304,107011,46740,159.0,69.0
2020-11-04 03:50:29+00:00,0.697,0.303,111415,48435,4404.0,1695.0
2020-11-04 03:51:54+00:00,0.698,0.302,111874,48404,459.0,-31.0
2020-11-04 03:53:02+00:00,0.698,0.302,113777,49228,1903.0,824.0
2020-11-04 03:53:17+00:00,0.697,0.303,115242,50098,1465.0,870.0
2020-11-04 03:54:52+00:00,0.695,0.305,115970,50894,728.0,796.0
2020-11-04 03:58:11+00:00,0.679,0.321,139378,65891,23408.0,14997.0
2020-11-04 03:58:51+00:00,0.68,0.32,141500,66588,2122.0,697.0
2020-11-04 04:01:36+00:00,0.682,0.318,145936,68047,4436.0,1459.0
2020-11-04 04:10:38+00:00,0.682,0.318,147043,68562,1107.0,515.0
2020-11-04 04:11:32+00:00,0.682,0.318,147218,68644,175.0,82.0
2020-11-04 04:11:48+00:00,0.682,0.318,148119,69065,901.0,421.0
2020-11-04 04:12:11+00:00,0.682,0.318,149176,69557,1057.0,492.0
2020-11-04 04:12:41+00:00,0.684,0.316,163602,75582,14426.0,6025.0
2020-11-04 04:13:14+00:00,0.684,0.316,163660,75609,58.0,27.0
2020-11-04 04:14:46+00:00,0.684,0.316,164153,75837,493.0,228.0
2020-11-04 04:21:28+00:00,0.684,0.316,164722,76100,569.0,263.0
2020-11-04 04:22:00+00:00,0.685,0.315,166014,76342,1292.0,242.0
2020-11-04 04:22:30+00:00,0.684,0.316,166923,77116,909.0,774.0
2020-11-04 04:24:37+00:00,0.684,0.316,169324,78226,2401.0,1110.0
2020-11-04 04:26:41+00:00,0.684,0.316,173863,80323,4539.0,2097.0
2020-11-04 04:31:36+00:00,0.683,0.317,175696,81546,1833.0,1223.0
2020-11-04 04:38:46+00:00,0.683,0.317,180841,83934,5145.0,2388.0
2020-11-04 04:41:46+00:00,0.683,0.317,181027,84020,186.0,86.0
2020-11-04 04:42:11+00:00,0.683,0.317,181660,84314,633.0,294.0
2020-11-04 04:42:34+00:00,0.683,0.317,182520,84713,860.0,399.0
2020-11-04 04:43:45+00:00,0.683,0.317,187264,86914,4744.0,2201.0
2020-11-04 04:46:34+00:00,0.684,0.316,190270,87902,3006.0,988.0
2020-11-04 04:51:46+00:00,0.685,0.315,191025,87843,755.0,-59.0
2020-11-04 04:52:28+00:00,0.684,0.316,191082,88278,57.0,435.0
2020-11-04 04:53:54+00:00,0.684,0.316,191160,88313,78.0,35.0
2020-11-04 04:57:24+00:00,0.684,0.316,191367,88409,207.0,96.0
2020-11-04 05:01:20+00:00,0.684,0.316,192365,88870,998.0,461.0
2020-11-04 05:02:10+00:00,0.686,0.314,195897,89667,3532.0,797.0
2020-11-04 05:04:29+00:00,0.686,0.314,196046,89736,149.0,69.0
2020-11-04 05:06:12+00:00,0.686,0.314,196132,89774,86.0,38.0
2020-11-04 05:07:24+00:00,0.686,0.314,196901,90126,769.0,352.0
2020-11-04 05:11:45+00:00,0.686,0.314,197169,90249,268.0,123.0
2020-11-04 05:14:41+00:00,0.686,0.314,199314,91231,2145.0,982.0
2020-11-04 05:17:00+00:00,0.685,0.315,199828,91891,514.0,660.0
2020-11-04 05:20:26+00:00,0.685,0.315,210527,96812,10699.0,4921.0
2020-11-04 05:23:00+00:00,0.686,0.314,214529,98195,4002.0,1383.0
2020-11-04 05:27:26+00:00,0.685,0.315,217888,100196,3359.0,2001.0
2020-11-04 05:31:56+00:00,0.687,0.313,222524,101383,4636.0,1187.0
2020-11-04 05:32:14+00:00,0.687,0.313,222588,101412,64.0,29.0
2020-11-04 05:37:13+00:00,0.687,0.313,223188,101685,600.0,273.0
2020-11-04 05:42:02+00:00,0.687,0.313,223591,101869,403.0,184.0
2020-11-04 05:42:56+00:00,0.687,0.313,224905,102467,1314.0,598.0
2020-11-04 05:46:50+00:00,0.685,0.315,226909,104345,2004.0,1878.0
2020-11-04 05:48:05+00:00,0.685,0.315,228316,104992,1407.0,647.0
2020-11-04 05:51:48+00:00,0.685,0.315,228656,105148,340.0,156.0
2020-11-04 05:56:57+00:00,0.685,0.315,228870,105247,214.0,99.0
2020-11-04 06:01:47+00:00,0.684,0.316,231178,106801,2308.0,1554.0
2020-11-04 06:06:25+00:00,0.684,0.316,232658,107485,1480.0,684.0
2020-11-04 06:15:54+00:00,0.684,0.316,233760,107995,1102.0,510.0
2020-11-04 06:20:53+00:00,0.682,0.318,243378,113481,9618.0,5486.0
2020-11-04 06:30:53+00:00,0.682,0.318,244608,114055,1230.0,574.0
2020-11-04 06:35:52+00:00,0.681,0.319,250110,117158,5502.0,3103.0
2020-11-04 06:50:50+00:00,0.681,0.319,252955,118492,2845.0,1334.0
2020-11-04 06:55:53+00:00,0.681,0.319,253054,118538,99.0,46.0
2020-11-04 07:00:52+00:00,0.682,0.318,254584,118706,1530.0,168.0
2020-11-04 07:06:17+00:00,0.681,0.319,255438,119655,854.0,949.0
2020-11-04 07:10:50+00:00,0.681,0.319,255549,119706,111.0,51.0
2020-11-04 07:15:15+00:00,0.68,0.32,255527,120248,-22.0,542.0
2020-11-04 07:20:53+00:00,0.68,0.32,255809,120381,282.0,133.0
2020-11-04 07:26:16+00:00,0.68,0.32,256363,120641,554.0,260.0
2020-11-04 07:26:53+00:00,0.68,0.32,256365,120643,2.0,2.0
2020-11-04 07:46:54+00:00,0.68,0.32,256909,120898,544.0,255.0
2020-11-04 07:56:51+00:00,0.68,0.32,257802,121319,893.0,421.0
2020-11-04 08:20:53+00:00,0.68,0.32,258152,121483,350.0,164.0
2020-11-04 15:16:18+00:00,0.68,0.32,258154,121484,2.0,1.0
2020-11-04 15:30:53+00:00,0.68,0.32,258155,121484,1.0,0.0
2020-11-04 15:36:25+00:00,0.68,0.32,258155,121485,0.0,1.0
2020-11-04 15:45:51+00:00,0.68,0.32,258156,121485,1.0,0.0
2020-11-04 15:56:50+00:00,0.68,0.32,258159,121487,3.0,2.0
2020-11-04 16:01:18+00:00,0.68,0.32,258160,121487,1.0,0.0
2020-11-04 16:11:52+00:00,0.68,0.32,258161,121488,1.0,1.0
2020-11-04 16:20:54+00:00,0.68,0.32,258162,121488,1.0,0.0
2020-11-04 17:05:55+00:00,0.68,0.32,258163,121488,1.0,0.0
2020-11-04 17:11:52+00:00,0.68,0.32,258163,121489,0.0,1.0
2020-11-04 17:46:01+00:00,0.68,0.32,258164,121489,1.0,0.0
2020-11-04 18:05:53+00:00,0.68,0.32,258165,121490,1.0,1.0
2020-11-04 18:21:51+00:00,0.68,0.32,258167,121490,2.0,0.0
2020-11-04 18:40:57+00:00,0.68,0.32,258170,121492,3.0,2.0
2020-11-04 20:06:05+00:00,0.68,0.32,258171,121492,1.0,0.0
2020-11-04 20:45:52+00:00,0.68,0.32,258172,121492,1.0,0.0
2020-11-04 21:11:53+00:00,0.68,0.32,258176,121495,4.0,3.0
2020-11-04 21:35:51+00:00,0.68,0.32,258177,121495,1.0,0.0
2020-11-04 21:45:52+00:00,0.68,0.32,258178,121495,1.0,0.0
2020-11-04 21:51:16+00:00,0.68,0.32,258179,121496,1.0,1.0
2020-11-04 21:55:52+00:00,0.68,0.32,258181,121497,2.0,1.0
2020-11-04 23:05:52+00:00,0.68,0.32,258182,121497,1.0,0.0
2020-11-04 23:45:56+00:00,0.658,0.342,276365,143642,18183.0,22145.0
2020-11-04 23:51:51+00:00,0.658,0.342,276632,143781,267.0,139.0
2020-11-05 14:31:18+00:00,0.658,0.342,276632,143782,0.0,1.0
2020-11-05 14:35:45+00:00,0.658,0.342,276634,143783,2.0,1.0
2020-11-05 15:01:46+00:00,0.658,0.342,276636,143784,2.0,1.0
2020-11-05 15:21:10+00:00,0.658,0.342,276640,143785,4.0,1.0
2020-11-05 15:25:46+00:00,0.658,0.342,276641,143786,1.0,1.0
2020-11-05 15:31:12+00:00,0.658,0.342,276642,143786,1.0,0.0
2020-11-05 15:35:45+00:00,0.658,0.342,276642,143787,0.0,1.0
2020-11-05 15:45:52+00:00,0.658,0.342,276643,143787,1.0,0.0
2020-11-05 16:55:45+00:00,0.658,0.342,276644,143787,1.0,0.0
2020-11-05 17:35:45+00:00,0.658,0.342,276644,143788,0.0,1.0
2020-11-05 17:51:46+00:00,0.658,0.342,276646,143789,2.0,1.0
2020-11-05 18:41:53+00:00,0.658,0.342,276648,143789,2.0,0.0
2020-11-05 19:25:42+00:00,0.658,0.342,276648,143790,0.0,1.0
2020-11-05 22:25:42+00:00,0.658,0.342,276651,143792,3.0,2.0
2020-11-06 21:10:40+00:00,0.658,0.342,276654,143793,3.0,1.0
2020-11-06 21:20:38+00:00,0.658,0.342,276655,143793,1.0,0.0
