timestamp,trumpd_percent,bidenj_percent,trumpd_count,bidenj_count,trumpd_delta,bidenj_delta
2020-11-04 00:13:12+00:00,0.705,0.295,308,129,,
2020-11-04 00:14:44+00:00,0.604,0.396,419,275,111.0,146.0
2020-11-04 00:16:15+00:00,0.713,0.287,1368,551,949.0,276.0
2020-11-04 00:16:31+00:00,0.656,0.344,1424,747,56.0,196.0
2020-11-04 00:18:24+00:00,0.633,0.367,1643,953,219.0,206.0
2020-11-04 00:22:53+00:00,0.664,0.336,2169,1097,526.0,144.0
2020-11-04 00:24:07+00:00,0.672,0.328,2398,1170,229.0,73.0
2020-11-04 00:25:48+00:00,0.704,0.296,3618,1521,1220.0,351.0
2020-11-04 00:26:01+00:00,0.676,0.324,4026,1929,408.0,408.0
2020-11-04 00:27:06+00:00,0.704,0.296,5062,2128,1036.0,199.0
2020-11-04 00:29:06+00:00,0.704,0.296,5590,2350,528.0,222.0
2020-11-04 00:31:28+00:00,0.713,0.287,6081,2448,491.0,98.0
2020-11-04 00:32:07+00:00,0.704,0.296,7069,2972,988.0,524.0
2020-11-04 00:32:39+00:00,0.672,0.327,7651,3723,582.0,751.0
2020-11-04 00:33:53+00:00,0.669,0.33,7792,3844,141.0,121.0
2020-11-04 00:35:17+00:00,0.648,0.351,8648,4684,856.0,840.0
2020-11-04 00:37:55+00:00,0.648,0.352,9053,4918,405.0,234.0
2020-11-04 00:39:05+00:00,0.647,0.351,11689,6342,2636.0,1424.0
2020-11-04 00:40:59+00:00,0.562,0.434,14810,11437,3121.0,5095.0
2020-11-04 00:41:20+00:00,0.562,0.434,14883,11494,73.0,57.0
2020-11-04 00:42:03+00:00,0.563,0.433,15061,11583,178.0,89.0
2020-11-04 00:47:41+00:00,0.559,0.435,18912,14717,3851.0,3134.0
2020-11-04 00:51:56+00:00,0.559,0.436,18998,14818,86.0,101.0
2020-11-04 00:53:56+00:00,0.462,0.528,36632,41866,17634.0,27048.0
2020-11-04 00:57:59+00:00,0.464,0.527,37000,42024,368.0,158.0
2020-11-04 00:58:36+00:00,0.452,0.538,38224,45497,1224.0,3473.0
2020-11-04 00:59:15+00:00,0.45,0.54,39491,47389,1267.0,1892.0
2020-11-04 01:00:15+00:00,0.451,0.54,40463,48448,972.0,1059.0
2020-11-04 01:01:03+00:00,0.441,0.55,42563,53083,2100.0,4635.0
2020-11-04 01:03:35+00:00,0.458,0.532,52248,60689,9685.0,7606.0
2020-11-04 01:06:02+00:00,0.465,0.526,56327,63716,4079.0,3027.0
2020-11-04 01:07:41+00:00,0.467,0.523,57058,63900,731.0,184.0
2020-11-04 01:09:21+00:00,0.468,0.522,60275,67229,3217.0,3329.0
2020-11-04 01:10:16+00:00,0.453,0.537,63060,74754,2785.0,7525.0
2020-11-04 01:13:15+00:00,0.449,0.537,66179,79150,3119.0,4396.0
2020-11-04 01:13:58+00:00,0.46,0.527,77964,89320,11785.0,10170.0
2020-11-04 01:14:21+00:00,0.463,0.524,88871,100579,10907.0,11259.0
2020-11-04 01:16:18+00:00,0.464,0.523,89640,101038,769.0,459.0
2020-11-04 01:18:41+00:00,0.468,0.519,92922,103048,3282.0,2010.0
2020-11-04 01:22:08+00:00,0.47,0.518,94329,103963,1407.0,915.0
2020-11-04 01:22:47+00:00,0.476,0.512,100742,108361,6413.0,4398.0
2020-11-04 01:23:59+00:00,0.479,0.508,104004,110301,3262.0,1940.0
2020-11-04 01:25:54+00:00,0.479,0.509,105418,112020,1414.0,1719.0
2020-11-04 01:29:13+00:00,0.479,0.509,106417,113082,999.0,1062.0
2020-11-04 01:29:47+00:00,0.482,0.505,108646,113831,2229.0,749.0
2020-11-04 01:30:13+00:00,0.478,0.51,110994,118425,2348.0,4594.0
2020-11-04 01:31:46+00:00,0.482,0.505,113871,119305,2877.0,880.0
2020-11-04 01:31:46+00:00,0.482,0.505,113871,119305,0.0,0.0
2020-11-04 01:33:23+00:00,0.482,0.506,114290,119981,419.0,676.0
2020-11-04 01:42:21+00:00,0.475,0.513,118745,128244,4455.0,8263.0
2020-11-04 01:44:31+00:00,0.513,0.474,193127,178444,74382.0,50200.0
2020-11-04 01:44:55+00:00,0.518,0.469,198182,179435,5055.0,991.0
2020-11-04 01:47:57+00:00,0.52,0.467,202535,181892,4353.0,2457.0
2020-11-04 01:49:58+00:00,0.521,0.466,203371,181902,836.0,10.0
2020-11-04 01:52:03+00:00,0.517,0.471,202403,184394,-968.0,2492.0
2020-11-04 01:57:01+00:00,0.525,0.462,228371,200967,25968.0,16573.0
2020-11-04 01:57:44+00:00,0.528,0.459,232443,202067,4072.0,1100.0
2020-11-04 01:58:39+00:00,0.528,0.46,235450,205127,3007.0,3060.0
2020-11-04 02:02:08+00:00,0.541,0.446,278946,229963,43496.0,24836.0
2020-11-04 02:03:55+00:00,0.545,0.443,285747,232268,6801.0,2305.0
2020-11-04 02:08:03+00:00,0.545,0.442,290799,235841,5052.0,3573.0
2020-11-04 02:10:05+00:00,0.554,0.433,309667,242032,18868.0,6191.0
2020-11-04 02:12:42+00:00,0.55,0.437,328524,261027,18857.0,18995.0
2020-11-04 02:12:51+00:00,0.552,0.435,333982,263192,5458.0,2165.0
2020-11-04 02:13:04+00:00,0.552,0.435,334969,263970,987.0,778.0
2020-11-04 02:13:20+00:00,0.556,0.431,343169,266018,8200.0,2048.0
2020-11-04 02:16:24+00:00,0.556,0.431,344711,267213,1542.0,1195.0
2020-11-04 02:16:50+00:00,0.558,0.43,350168,269843,5457.0,2630.0
2020-11-04 02:22:26+00:00,0.563,0.424,376839,283801,26671.0,13958.0
2020-11-04 02:24:20+00:00,0.563,0.424,388550,292620,11711.0,8819.0
2020-11-04 02:25:29+00:00,0.563,0.424,400589,301687,12039.0,9067.0
2020-11-04 02:26:59+00:00,0.564,0.423,413941,310456,13352.0,8769.0
2020-11-04 02:31:07+00:00,0.562,0.425,436383,330005,22442.0,19549.0
2020-11-04 02:32:15+00:00,0.562,0.425,437260,330668,877.0,663.0
2020-11-04 02:34:42+00:00,0.562,0.425,442472,334609,5212.0,3941.0
2020-11-04 02:37:15+00:00,0.555,0.432,454106,353466,11634.0,18857.0
2020-11-04 02:37:33+00:00,0.555,0.432,454210,353548,104.0,82.0
2020-11-04 02:39:17+00:00,0.555,0.432,456300,355174,2090.0,1626.0
2020-11-04 02:40:36+00:00,0.555,0.432,460021,358070,3721.0,2896.0
2020-11-04 02:41:04+00:00,0.556,0.431,462465,358494,2444.0,424.0
2020-11-04 02:42:30+00:00,0.554,0.433,526078,411177,63613.0,52683.0
2020-11-04 02:44:50+00:00,0.553,0.434,531172,416869,5094.0,5692.0
2020-11-04 02:52:08+00:00,0.552,0.435,533148,420144,1976.0,3275.0
2020-11-04 02:55:06+00:00,0.553,0.434,538401,422543,5253.0,2399.0
2020-11-04 02:57:49+00:00,0.553,0.433,542660,424904,4259.0,2361.0
2020-11-04 02:59:11+00:00,0.553,0.434,543553,426586,893.0,1682.0
2020-11-04 03:05:02+00:00,0.553,0.434,544737,427515,1184.0,929.0
2020-11-04 03:05:34+00:00,0.554,0.433,549615,429573,4878.0,2058.0
2020-11-04 03:08:46+00:00,0.558,0.428,564658,433107,15043.0,3534.0
2020-11-04 03:09:25+00:00,0.558,0.428,565311,433608,653.0,501.0
2020-11-04 03:13:02+00:00,0.562,0.425,591685,447448,26374.0,13840.0
2020-11-04 03:20:49+00:00,0.563,0.423,606522,455700,14837.0,8252.0
2020-11-04 03:21:02+00:00,0.567,0.42,650887,482138,44365.0,26438.0
2020-11-04 03:25:42+00:00,0.569,0.417,666226,488253,15339.0,6115.0
2020-11-04 03:30:19+00:00,0.566,0.419,677523,501559,11297.0,13306.0
2020-11-04 03:31:51+00:00,0.567,0.419,683413,505027,5890.0,3468.0
2020-11-04 03:37:56+00:00,0.564,0.422,747960,559644,64547.0,54617.0
2020-11-04 03:39:40+00:00,0.565,0.422,749287,559644,1327.0,0.0
2020-11-04 03:40:22+00:00,0.566,0.42,764234,567099,14947.0,7455.0
2020-11-04 03:43:21+00:00,0.572,0.414,792733,573761,28499.0,6662.0
2020-11-04 03:48:07+00:00,0.572,0.414,797385,577128,4652.0,3367.0
2020-11-04 03:55:22+00:00,0.573,0.413,812563,585670,15178.0,8542.0
2020-11-04 04:05:31+00:00,0.573,0.413,820704,591537,8141.0,5867.0
2020-11-04 04:12:41+00:00,0.574,0.413,822363,591700,1659.0,163.0
2020-11-04 04:15:47+00:00,0.575,0.411,836735,598084,14372.0,6384.0
2020-11-04 04:19:42+00:00,0.575,0.411,836885,598191,150.0,107.0
2020-11-04 04:21:43+00:00,0.575,0.411,836977,598257,92.0,66.0
2020-11-04 04:30:34+00:00,0.575,0.411,837849,598880,872.0,623.0
2020-11-04 04:32:13+00:00,0.575,0.411,912117,651965,74268.0,53085.0
2020-11-04 04:47:46+00:00,0.577,0.409,926645,656842,14528.0,4877.0
2020-11-04 05:08:41+00:00,0.582,0.404,988696,686311,62051.0,29469.0
2020-11-04 05:24:25+00:00,0.582,0.404,989013,686531,317.0,220.0
2020-11-04 05:24:32+00:00,0.581,0.405,989121,689490,108.0,2959.0
2020-11-04 05:34:05+00:00,0.581,0.405,996671,694753,7550.0,5263.0
2020-11-04 05:39:35+00:00,0.582,0.404,1001273,695042,4602.0,289.0
2020-11-04 05:44:18+00:00,0.582,0.404,1001494,695195,221.0,153.0
2020-11-04 05:51:18+00:00,0.585,0.401,1036606,710562,35112.0,15367.0
2020-11-04 05:53:22+00:00,0.585,0.4,1049557,717646,12951.0,7084.0
2020-11-04 06:24:53+00:00,0.589,0.397,1093262,736885,43705.0,19239.0
2020-11-04 06:31:52+00:00,0.588,0.398,1104653,747707,11391.0,10822.0
2020-11-04 06:39:51+00:00,0.585,0.4,1117021,763775,12368.0,16068.0
2020-11-04 07:28:52+00:00,0.576,0.409,1167818,829232,50797.0,65457.0
2020-11-04 07:31:29+00:00,0.569,0.417,1195023,875790,27205.0,46558.0
2020-11-04 08:07:52+00:00,0.564,0.422,1210676,905860,15653.0,30070.0
2020-11-04 11:28:51+00:00,0.57,0.415,1296053,943618,85377.0,37758.0
2020-11-04 12:16:50+00:00,0.57,0.415,1307946,952276,11893.0,8658.0
2020-11-04 15:26:52+00:00,0.57,0.415,1310823,954371,2877.0,2095.0
2020-11-04 16:39:50+00:00,0.57,0.415,1310895,954423,72.0,52.0
2020-11-04 16:56:34+00:00,0.557,0.428,1334784,1025651,23889.0,71228.0
2020-11-04 17:38:50+00:00,0.557,0.428,1335085,1025882,301.0,231.0
2020-11-04 18:32:00+00:00,0.557,0.428,1335375,1026105,290.0,223.0
2020-11-04 19:02:57+00:00,0.556,0.429,1347273,1039532,11898.0,13427.0
2020-11-04 19:17:50+00:00,0.556,0.429,1347469,1039684,196.0,152.0
2020-11-04 21:07:52+00:00,0.556,0.429,1347954,1040058,485.0,374.0
2020-11-04 23:05:50+00:00,0.556,0.429,1348880,1040772,926.0,714.0
2020-11-05 00:58:51+00:00,0.556,0.43,1355130,1048032,6250.0,7260.0
2020-11-05 01:13:18+00:00,0.553,0.432,1360466,1062787,5336.0,14755.0
2020-11-05 01:25:50+00:00,0.553,0.432,1361352,1063479,886.0,692.0
2020-11-05 01:39:50+00:00,0.553,0.432,1361724,1063770,372.0,291.0
2020-11-05 03:11:43+00:00,0.553,0.432,1362187,1064132,463.0,362.0
2020-11-05 05:11:44+00:00,0.553,0.433,1362955,1067196,768.0,3064.0
2020-11-05 13:15:54+00:00,0.553,0.433,1363739,1067810,784.0,614.0
2020-11-05 15:14:45+00:00,0.553,0.433,1364060,1068061,321.0,251.0
2020-11-05 17:05:53+00:00,0.552,0.433,1362248,1068575,-1812.0,514.0
2020-11-05 19:03:49+00:00,0.552,0.433,1363032,1069190,784.0,615.0
2020-11-05 21:06:42+00:00,0.552,0.433,1364155,1070071,1123.0,881.0
2020-11-05 21:11:39+00:00,0.552,0.433,1364535,1070369,380.0,298.0
2020-11-05 22:00:39+00:00,0.551,0.435,1379832,1089341,15297.0,18972.0
2020-11-05 22:40:40+00:00,0.551,0.435,1379833,1089342,1.0,1.0
2020-11-06 15:16:39+00:00,0.551,0.435,1379834,1089343,1.0,1.0
2020-11-06 15:26:40+00:00,0.551,0.435,1379835,1089344,1.0,1.0
2020-11-06 15:57:39+00:00,0.551,0.435,1379840,1089347,5.0,3.0
2020-11-06 16:08:39+00:00,0.551,0.435,1379843,1089350,3.0,3.0
2020-11-06 16:28:40+00:00,0.551,0.435,1379844,1089350,1.0,0.0
2020-11-06 16:42:39+00:00,0.551,0.435,1379875,1089375,31.0,25.0
2020-11-06 16:43:38+00:00,0.551,0.435,1379901,1089395,26.0,20.0
2020-11-06 17:04:38+00:00,0.551,0.435,1379943,1089428,42.0,33.0
2020-11-06 17:25:38+00:00,0.551,0.435,1379973,1089452,30.0,24.0
2020-11-06 17:29:38+00:00,0.551,0.435,1379982,1089459,9.0,7.0
2020-11-06 17:31:39+00:00,0.551,0.435,1379984,1089461,2.0,2.0
2020-11-06 17:33:39+00:00,0.551,0.435,1379995,1089470,11.0,9.0
2020-11-06 17:36:38+00:00,0.551,0.435,1380062,1089522,67.0,52.0
2020-11-06 17:37:39+00:00,0.551,0.435,1380063,1089523,1.0,1.0
2020-11-06 18:04:38+00:00,0.551,0.435,1380075,1089533,12.0,10.0
2020-11-06 18:05:38+00:00,0.551,0.435,1380099,1089551,24.0,18.0
2020-11-06 18:08:38+00:00,0.551,0.435,1380103,1089555,4.0,4.0
2020-11-06 18:12:39+00:00,0.551,0.435,1380323,1089729,220.0,174.0
2020-11-06 18:14:40+00:00,0.551,0.435,1380335,1089739,12.0,10.0
2020-11-06 18:38:38+00:00,0.551,0.435,1380518,1089882,183.0,143.0
2020-11-06 18:42:37+00:00,0.551,0.435,1380521,1089885,3.0,3.0
2020-11-06 18:43:38+00:00,0.551,0.435,1380637,1089976,116.0,91.0
2020-11-06 18:45:39+00:00,0.551,0.435,1380738,1090056,101.0,80.0
2020-11-06 19:03:39+00:00,0.551,0.435,1380790,1090097,52.0,41.0
2020-11-06 19:04:38+00:00,0.551,0.435,1381404,1090582,614.0,485.0
2020-11-06 19:06:39+00:00,0.551,0.434,1382145,1088659,741.0,-1923.0
2020-11-06 19:24:39+00:00,0.551,0.434,1382194,1088697,49.0,38.0
2020-11-06 19:28:40+00:00,0.551,0.434,1382617,1089030,423.0,333.0
2020-11-06 19:31:38+00:00,0.551,0.434,1382623,1089035,6.0,5.0
2020-11-06 20:10:38+00:00,0.551,0.434,1382640,1089049,17.0,14.0
2020-11-06 20:31:39+00:00,0.551,0.434,1382683,1089083,43.0,34.0
2020-11-06 20:37:39+00:00,0.551,0.434,1382840,1089206,157.0,123.0
2020-11-06 20:47:38+00:00,0.551,0.434,1382866,1089226,26.0,20.0
2020-11-06 20:54:38+00:00,0.551,0.434,1382960,1089301,94.0,75.0
2020-11-06 20:55:24+00:00,0.551,0.434,1383110,1089419,150.0,118.0
2020-11-06 21:18:39+00:00,0.551,0.434,1383184,1089477,74.0,58.0
2020-11-06 21:27:38+00:00,0.551,0.434,1383559,1089773,375.0,296.0
2020-11-06 21:36:38+00:00,0.551,0.434,1383561,1089774,2.0,1.0
2020-11-06 21:53:40+00:00,0.551,0.434,1383595,1089801,34.0,27.0
2020-11-06 21:55:38+00:00,0.551,0.434,1384259,1090323,664.0,522.0
2020-11-06 23:44:38+00:00,0.551,0.434,1384272,1090334,13.0,11.0
2020-11-07 01:33:38+00:00,0.551,0.434,1386034,1091722,1762.0,1388.0
2020-11-07 16:58:40+00:00,0.551,0.434,1386275,1091912,241.0,190.0
