timestamp,harrisonj_percent,grahaml_percent,harrisonj_count,grahaml_count,harrisonj_delta,grahaml_delta
2020-11-04 00:13:37+00:00,0.312,0.688,135,298,,
2020-11-04 00:15:05+00:00,0.394,0.606,324,498,189.0,200.0
2020-11-04 00:16:50+00:00,0.336,0.664,781,1543,457.0,1045.0
2020-11-04 00:18:44+00:00,0.365,0.635,1002,1744,221.0,201.0
2020-11-04 00:23:18+00:00,0.336,0.664,1150,2272,148.0,528.0
2020-11-04 00:24:33+00:00,0.328,0.672,1224,2508,74.0,236.0
2020-11-04 00:26:01+00:00,0.303,0.697,1597,3675,373.0,1167.0
2020-11-04 00:26:17+00:00,0.331,0.669,2017,4078,420.0,403.0
2020-11-04 00:27:21+00:00,0.305,0.695,2229,5079,212.0,1001.0
2020-11-04 00:29:22+00:00,0.307,0.693,2472,5580,243.0,501.0
2020-11-04 00:31:44+00:00,0.298,0.702,2573,6061,101.0,481.0
2020-11-04 00:32:27+00:00,0.307,0.693,3115,7031,542.0,970.0
2020-11-04 00:33:10+00:00,0.338,0.661,3884,7595,769.0,564.0
2020-11-04 00:34:12+00:00,0.341,0.658,4008,7734,124.0,139.0
2020-11-04 00:34:57+00:00,0.434,0.566,5943,7750,1935.0,16.0
2020-11-04 00:35:17+00:00,0.424,0.575,6129,8312,186.0,562.0
2020-11-04 00:35:49+00:00,0.433,0.566,6582,8603,453.0,291.0
2020-11-04 00:39:35+00:00,0.428,0.569,8130,10808,1548.0,2205.0
2020-11-04 00:39:57+00:00,0.416,0.581,8280,11565,150.0,757.0
2020-11-04 00:40:56+00:00,0.479,0.516,13509,14552,5229.0,2987.0
2020-11-04 00:42:33+00:00,0.479,0.517,13690,14776,181.0,224.0
2020-11-04 00:48:27+00:00,0.473,0.521,16869,18581,3179.0,3805.0
2020-11-04 00:52:23+00:00,0.473,0.521,16942,18661,73.0,80.0
2020-11-04 00:53:56+00:00,0.538,0.456,43653,37000,26711.0,18339.0
2020-11-04 00:58:31+00:00,0.537,0.456,43813,37204,160.0,204.0
2020-11-04 00:59:15+00:00,0.548,0.445,47351,38451,3538.0,1247.0
2020-11-04 00:59:56+00:00,0.549,0.445,50286,40760,2935.0,2309.0
2020-11-04 01:01:42+00:00,0.558,0.435,54904,42802,4618.0,2042.0
2020-11-04 01:01:51+00:00,0.557,0.436,55896,43753,992.0,951.0
2020-11-04 01:04:04+00:00,0.54,0.452,63668,53292,7772.0,9539.0
2020-11-04 01:09:11+00:00,0.538,0.454,63995,54003,327.0,711.0
2020-11-04 01:10:03+00:00,0.537,0.455,67420,57125,3425.0,3122.0
2020-11-04 01:10:46+00:00,0.552,0.44,75061,59831,7641.0,2706.0
2020-11-04 01:13:46+00:00,0.55,0.439,79170,63192,4109.0,3361.0
2020-11-04 01:13:58+00:00,0.539,0.451,89494,74883,10324.0,11691.0
2020-11-04 01:14:53+00:00,0.539,0.451,90219,75489,725.0,606.0
2020-11-04 01:15:04+00:00,0.537,0.453,96281,81220,6062.0,5731.0
2020-11-04 01:19:06+00:00,0.531,0.459,98708,85324,2427.0,4104.0
2020-11-04 01:20:59+00:00,0.525,0.465,102292,90602,3584.0,5278.0
2020-11-04 01:23:59+00:00,0.523,0.466,103029,91800,737.0,1198.0
2020-11-04 01:24:50+00:00,0.52,0.47,105298,95173,2269.0,3373.0
2020-11-04 01:26:47+00:00,0.519,0.471,111422,101117,6124.0,5944.0
2020-11-04 01:30:04+00:00,0.519,0.471,112505,102100,1083.0,983.0
2020-11-04 01:30:24+00:00,0.515,0.474,113305,104284,800.0,2184.0
2020-11-04 01:30:43+00:00,0.522,0.468,118873,106576,5568.0,2292.0
2020-11-04 01:32:29+00:00,0.517,0.472,119816,109387,943.0,2811.0
2020-11-04 01:33:49+00:00,0.518,0.471,120501,109567,685.0,180.0
2020-11-04 01:42:48+00:00,0.525,0.465,128888,114158,8387.0,4591.0
2020-11-04 01:44:02+00:00,0.485,0.503,180404,187100,51516.0,72942.0
2020-11-04 01:44:55+00:00,0.48,0.508,181480,192067,1076.0,4967.0
2020-11-04 01:47:57+00:00,0.478,0.51,184022,196341,2542.0,4274.0
2020-11-04 01:50:33+00:00,0.477,0.511,184050,197169,28.0,828.0
2020-11-04 01:52:47+00:00,0.481,0.507,186154,196216,2104.0,-953.0
2020-11-04 01:57:01+00:00,0.472,0.515,197326,215302,11172.0,19086.0
2020-11-04 01:57:10+00:00,0.472,0.516,206503,225754,9177.0,10452.0
2020-11-04 01:58:17+00:00,0.469,0.519,207647,229784,1144.0,4030.0
2020-11-04 01:59:32+00:00,0.469,0.519,210329,232752,2682.0,2968.0
2020-11-04 02:02:08+00:00,0.456,0.532,236252,275628,25923.0,42876.0
2020-11-04 02:03:55+00:00,0.452,0.535,238105,281828,1853.0,6200.0
2020-11-04 02:08:24+00:00,0.452,0.535,242296,286788,4191.0,4960.0
2020-11-04 02:10:05+00:00,0.443,0.544,248714,305419,6418.0,18631.0
2020-11-04 02:13:25+00:00,0.447,0.54,268105,323886,19391.0,18467.0
2020-11-04 02:13:38+00:00,0.445,0.542,269324,328030,1219.0,4144.0
2020-11-04 02:13:49+00:00,0.441,0.546,271486,336125,2162.0,8095.0
2020-11-04 02:14:11+00:00,0.441,0.546,272280,337108,794.0,983.0
2020-11-04 02:15:52+00:00,0.44,0.547,272945,339320,665.0,2212.0
2020-11-04 02:17:02+00:00,0.439,0.547,273539,340834,594.0,1514.0
2020-11-04 02:17:21+00:00,0.438,0.549,276225,346227,2686.0,5393.0
2020-11-04 02:22:22+00:00,0.435,0.551,290938,368521,14713.0,22294.0
2020-11-04 02:25:02+00:00,0.435,0.552,299987,380674,9049.0,12153.0
2020-11-04 02:25:21+00:00,0.435,0.551,301629,382063,1642.0,1389.0
2020-11-04 02:27:03+00:00,0.432,0.554,310365,398015,8736.0,15952.0
2020-11-04 02:29:59+00:00,0.432,0.554,319591,409845,9226.0,11830.0
2020-11-04 02:32:04+00:00,0.434,0.552,339533,431849,19942.0,22004.0
2020-11-04 02:32:46+00:00,0.434,0.552,340201,432698,668.0,849.0
2020-11-04 02:34:42+00:00,0.434,0.552,344216,437804,4015.0,5106.0
2020-11-04 02:37:42+00:00,0.441,0.545,363804,449599,19588.0,11795.0
2020-11-04 02:38:15+00:00,0.441,0.545,363887,449702,83.0,103.0
2020-11-04 02:42:28+00:00,0.443,0.544,417801,513056,53914.0,63354.0
2020-11-04 02:46:07+00:00,0.444,0.543,423596,518046,5795.0,4990.0
2020-11-04 02:53:13+00:00,0.445,0.542,426914,519972,3318.0,1926.0
2020-11-04 02:55:36+00:00,0.444,0.543,429410,525156,2496.0,5184.0
2020-11-04 02:58:46+00:00,0.443,0.543,431932,529434,2522.0,4278.0
2020-11-04 02:59:42+00:00,0.444,0.543,433625,530311,1693.0,877.0
2020-11-04 03:05:34+00:00,0.435,0.551,462115,585346,28490.0,55035.0
2020-11-04 03:05:54+00:00,0.436,0.551,464112,586527,1997.0,1181.0
2020-11-04 03:09:19+00:00,0.432,0.554,468425,600712,4313.0,14185.0
2020-11-04 03:10:05+00:00,0.432,0.554,468844,601250,419.0,538.0
2020-11-04 03:12:58+00:00,0.431,0.555,478249,615843,9405.0,14593.0
2020-11-04 03:20:37+00:00,0.431,0.555,478902,616683,653.0,840.0
2020-11-04 03:21:02+00:00,0.427,0.559,510348,668114,31446.0,51431.0
2020-11-04 03:26:19+00:00,0.424,0.562,516478,684577,6130.0,16463.0
2020-11-04 03:30:19+00:00,0.426,0.56,530097,696840,13619.0,12263.0
2020-11-04 03:32:27+00:00,0.426,0.56,533619,701471,3522.0,4631.0
2020-11-04 03:37:56+00:00,0.429,0.557,579458,752349,45839.0,50878.0
2020-11-04 03:43:22+00:00,0.423,0.563,585080,778724,5622.0,26375.0
2020-11-04 03:48:53+00:00,0.423,0.562,588527,781920,3447.0,3196.0
2020-11-04 03:55:13+00:00,0.422,0.564,593798,793607,5271.0,11687.0
2020-11-04 04:05:29+00:00,0.421,0.564,592550,793820,-1248.0,213.0
2020-11-04 04:07:47+00:00,0.421,0.565,598531,803254,5981.0,9434.0
2020-11-04 04:14:13+00:00,0.421,0.565,598699,803479,168.0,225.0
2020-11-04 04:16:38+00:00,0.42,0.566,606730,817641,8031.0,14162.0
2020-11-04 04:20:22+00:00,0.42,0.566,606839,817787,109.0,146.0
2020-11-04 04:21:44+00:00,0.42,0.566,606906,817878,67.0,91.0
2020-11-04 04:32:03+00:00,0.419,0.567,643037,870172,36131.0,52294.0
2020-11-04 04:32:54+00:00,0.42,0.566,661114,890930,18077.0,20758.0
2020-11-04 04:37:22+00:00,0.42,0.566,662441,892718,1327.0,1788.0
2020-11-04 04:42:22+00:00,0.42,0.566,665230,896476,2789.0,3758.0
2020-11-04 04:47:46+00:00,0.418,0.568,670287,910820,5057.0,14344.0
2020-11-04 05:08:41+00:00,0.413,0.573,700623,972051,30336.0,61231.0
2020-11-04 05:24:32+00:00,0.413,0.573,711049,986516,10426.0,14465.0
2020-11-04 05:34:05+00:00,0.413,0.573,716409,993953,5360.0,7437.0
2020-11-04 05:39:36+00:00,0.412,0.574,716716,998532,307.0,4579.0
2020-11-04 05:51:18+00:00,0.409,0.576,732409,1031460,15693.0,32928.0
2020-11-04 05:53:19+00:00,0.409,0.576,732631,1031774,222.0,314.0
2020-11-04 06:24:53+00:00,0.406,0.58,752417,1074882,19786.0,43108.0
2020-11-04 06:31:52+00:00,0.407,0.579,763458,1086099,11041.0,11217.0
2020-11-04 06:39:51+00:00,0.409,0.577,779786,1100090,16328.0,13991.0
2020-11-04 07:28:52+00:00,0.418,0.568,846292,1149985,66506.0,49895.0
2020-11-04 07:31:48+00:00,0.425,0.561,891426,1176682,45134.0,26697.0
2020-11-04 08:07:52+00:00,0.43,0.556,921836,1191955,30410.0,15273.0
2020-11-04 11:28:51+00:00,0.423,0.563,960600,1278529,38764.0,86574.0
2020-11-04 12:16:50+00:00,0.423,0.563,969427,1290278,8827.0,11749.0
2020-11-04 15:26:52+00:00,0.424,0.563,973866,1293128,4439.0,2850.0
2020-11-04 16:39:50+00:00,0.424,0.563,973919,1293199,53.0,71.0
2020-11-04 17:38:50+00:00,0.424,0.563,974150,1293505,231.0,306.0
2020-11-04 18:32:00+00:00,0.424,0.563,974369,1293797,219.0,292.0
2020-11-04 19:02:57+00:00,0.424,0.562,985252,1305923,10883.0,12126.0
2020-11-04 19:17:50+00:00,0.424,0.562,985400,1306120,148.0,197.0
2020-11-04 21:07:53+00:00,0.425,0.562,988093,1306607,2693.0,487.0
2020-11-04 23:05:51+00:00,0.425,0.562,988797,1307539,704.0,932.0
2020-11-05 00:58:51+00:00,0.425,0.561,993584,1311530,4787.0,3991.0
2020-11-05 01:25:50+00:00,0.425,0.561,994267,1312432,683.0,902.0
2020-11-05 01:39:50+00:00,0.426,0.561,996893,1312810,2626.0,378.0
2020-11-05 03:11:43+00:00,0.426,0.561,997248,1313277,355.0,467.0
2020-11-05 05:11:45+00:00,0.426,0.561,997838,1314054,590.0,777.0
2020-11-05 13:15:54+00:00,0.426,0.561,998439,1314845,601.0,791.0
2020-11-05 15:14:45+00:00,0.426,0.561,998682,1315165,243.0,320.0
2020-11-05 17:05:53+00:00,0.426,0.56,999183,1313481,501.0,-1684.0
2020-11-05 19:03:49+00:00,0.426,0.56,999785,1314271,602.0,790.0
2020-11-05 21:06:43+00:00,0.426,0.56,1000646,1315403,861.0,1132.0
2020-11-05 21:12:34+00:00,0.441,0.546,1088907,1348171,88261.0,32768.0
2020-11-05 22:00:39+00:00,0.442,0.545,1105590,1363227,16683.0,15056.0
2020-11-05 22:40:40+00:00,0.442,0.545,1105591,1363228,1.0,1.0
2020-11-06 15:16:39+00:00,0.442,0.545,1105591,1363229,0.0,1.0
2020-11-06 15:26:40+00:00,0.442,0.545,1105592,1363230,1.0,1.0
2020-11-06 15:57:39+00:00,0.442,0.545,1105595,1363234,3.0,4.0
2020-11-06 16:08:39+00:00,0.442,0.545,1105598,1363237,3.0,3.0
2020-11-06 16:28:40+00:00,0.442,0.545,1105599,1363238,1.0,1.0
2020-11-06 16:42:39+00:00,0.442,0.545,1105624,1363269,25.0,31.0
2020-11-06 16:43:38+00:00,0.442,0.545,1105644,1363294,20.0,25.0
2020-11-06 17:04:38+00:00,0.442,0.545,1105678,1363337,34.0,43.0
2020-11-06 17:25:39+00:00,0.442,0.545,1105702,1363366,24.0,29.0
2020-11-06 17:29:39+00:00,0.442,0.545,1105709,1363375,7.0,9.0
2020-11-06 17:31:39+00:00,0.442,0.545,1105712,1363377,3.0,2.0
2020-11-06 17:33:39+00:00,0.442,0.545,1105720,1363388,8.0,11.0
2020-11-06 17:36:39+00:00,0.442,0.545,1105773,1363453,53.0,65.0
2020-11-06 17:37:39+00:00,0.442,0.545,1105774,1363454,1.0,1.0
2020-11-06 18:04:38+00:00,0.442,0.545,1105783,1363466,9.0,12.0
2020-11-06 18:05:39+00:00,0.442,0.545,1105802,1363489,19.0,23.0
2020-11-06 18:08:38+00:00,0.442,0.545,1105806,1363494,4.0,5.0
2020-11-06 18:12:39+00:00,0.442,0.545,1105982,1363710,176.0,216.0
2020-11-06 18:14:40+00:00,0.442,0.545,1105991,1363722,9.0,12.0
2020-11-06 18:22:38+00:00,0.442,0.545,1106001,1363734,10.0,12.0
2020-11-06 18:38:38+00:00,0.442,0.545,1106145,1363912,144.0,178.0
2020-11-06 18:42:38+00:00,0.442,0.545,1106147,1363914,2.0,2.0
2020-11-06 18:43:38+00:00,0.442,0.545,1106240,1364029,93.0,115.0
2020-11-06 18:45:39+00:00,0.442,0.545,1106320,1364127,80.0,98.0
2020-11-06 19:03:39+00:00,0.442,0.545,1106361,1364179,41.0,52.0
2020-11-06 19:04:38+00:00,0.442,0.545,1106848,1364779,487.0,600.0
2020-11-06 19:06:39+00:00,0.442,0.545,1107445,1365515,597.0,736.0
2020-11-06 19:24:39+00:00,0.442,0.545,1107483,1365562,38.0,47.0
2020-11-06 19:28:40+00:00,0.442,0.545,1107825,1365983,342.0,421.0
2020-11-06 19:31:39+00:00,0.442,0.545,1107830,1365990,5.0,7.0
2020-11-06 20:10:38+00:00,0.442,0.545,1107843,1366005,13.0,15.0
2020-11-06 20:31:39+00:00,0.442,0.545,1107876,1366046,33.0,41.0
2020-11-06 20:37:39+00:00,0.442,0.545,1107999,1366198,123.0,152.0
2020-11-06 20:47:38+00:00,0.442,0.545,1108019,1366223,20.0,25.0
2020-11-06 20:54:38+00:00,0.442,0.545,1108095,1366316,76.0,93.0
2020-11-06 20:56:10+00:00,0.442,0.545,1108216,1366465,121.0,149.0
2020-11-06 21:18:39+00:00,0.442,0.545,1108274,1366537,58.0,72.0
2020-11-06 21:27:38+00:00,0.442,0.545,1108575,1366909,301.0,372.0
2020-11-06 21:36:39+00:00,0.442,0.545,1108577,1366910,2.0,1.0
2020-11-06 21:53:40+00:00,0.442,0.545,1108604,1366944,27.0,34.0
2020-11-06 21:55:38+00:00,0.442,0.545,1109134,1367597,530.0,653.0
2020-11-06 23:44:38+00:00,0.442,0.545,1109145,1367610,11.0,13.0
2020-11-07 01:33:38+00:00,0.442,0.545,1110549,1369342,1404.0,1732.0
2020-11-07 16:58:40+00:00,0.442,0.545,1110741,1369578,192.0,236.0
