timestamp,bradshawm_percent,hagertyb_percent,bradshawm_count,hagertyb_count,bradshawm_delta,hagertyb_delta
2020-11-04 01:06:58+00:00,0.249,0.73,17357,50885,,
2020-11-04 01:07:57+00:00,0.252,0.727,22483,64863,5126.0,13978.0
2020-11-04 01:08:58+00:00,0.246,0.732,24444,72735,1961.0,7872.0
2020-11-04 01:10:57+00:00,0.244,0.735,25591,77087,1147.0,4352.0
2020-11-04 01:12:05+00:00,0.239,0.739,30702,94931,5111.0,17844.0
2020-11-04 01:12:36+00:00,0.236,0.742,35504,111628,4802.0,16697.0
2020-11-04 01:12:57+00:00,0.235,0.743,37329,118023,1825.0,6395.0
2020-11-04 01:13:58+00:00,0.227,0.751,44096,145886,6767.0,27863.0
2020-11-04 01:14:57+00:00,0.226,0.752,45797,152387,1701.0,6501.0
2020-11-04 01:15:59+00:00,0.25,0.729,60606,176728,14809.0,24341.0
2020-11-04 01:16:56+00:00,0.25,0.728,60709,176784,103.0,56.0
2020-11-04 01:18:59+00:00,0.251,0.727,70462,204088,9753.0,27304.0
2020-11-04 01:19:57+00:00,0.25,0.727,78001,226828,7539.0,22740.0
2020-11-04 01:20:59+00:00,0.247,0.731,83443,246951,5442.0,20123.0
2020-11-04 01:22:55+00:00,0.244,0.733,83922,252110,479.0,5159.0
2020-11-04 01:23:58+00:00,0.246,0.731,94487,280772,10565.0,28662.0
2020-11-04 01:24:56+00:00,0.245,0.732,95412,285067,925.0,4295.0
2020-11-04 01:25:58+00:00,0.243,0.733,97950,295462,2538.0,10395.0
2020-11-04 01:26:57+00:00,0.243,0.734,99792,301428,1842.0,5966.0
2020-11-04 01:27:10+00:00,0.252,0.726,109319,314942,9527.0,13514.0
2020-11-04 01:27:57+00:00,0.25,0.727,120178,349478,10859.0,34536.0
2020-11-04 01:28:56+00:00,0.25,0.727,120323,349900,145.0,422.0
2020-11-04 01:29:58+00:00,0.25,0.727,120391,350098,68.0,198.0
2020-11-04 01:30:28+00:00,0.25,0.727,120567,350610,176.0,512.0
2020-11-04 01:30:56+00:00,0.251,0.727,123611,358028,3044.0,7418.0
2020-11-04 01:32:01+00:00,0.248,0.73,136153,400773,12542.0,42745.0
2020-11-04 01:33:19+00:00,0.287,0.692,187235,451452,51082.0,50679.0
2020-11-04 01:33:56+00:00,0.288,0.691,189682,455105,2447.0,3653.0
2020-11-04 01:34:56+00:00,0.288,0.691,189838,455480,156.0,375.0
2020-11-04 01:35:27+00:00,0.289,0.69,198598,474160,8760.0,18680.0
2020-11-04 01:36:01+00:00,0.289,0.691,198795,475320,197.0,1160.0
2020-11-04 01:36:57+00:00,0.288,0.691,199239,478035,444.0,2715.0
2020-11-04 01:37:59+00:00,0.288,0.691,199557,478798,318.0,763.0
2020-11-04 01:38:58+00:00,0.285,0.694,206388,502574,6831.0,23776.0
2020-11-04 01:40:00+00:00,0.284,0.695,206998,506562,610.0,3988.0
2020-11-04 01:40:55+00:00,0.283,0.695,207722,510131,724.0,3569.0
2020-11-04 01:41:56+00:00,0.283,0.696,208025,511610,303.0,1479.0
2020-11-04 01:42:13+00:00,0.281,0.697,210086,521102,2061.0,9492.0
2020-11-04 01:42:57+00:00,0.282,0.697,214518,530209,4432.0,9107.0
2020-11-04 01:43:57+00:00,0.28,0.698,216232,539035,1714.0,8826.0
2020-11-04 01:44:59+00:00,0.28,0.699,216703,540985,471.0,1950.0
2020-11-04 01:45:58+00:00,0.279,0.699,217884,545881,1181.0,4896.0
2020-11-04 01:46:59+00:00,0.277,0.701,220934,559114,3050.0,13233.0
2020-11-04 01:47:57+00:00,0.276,0.703,222873,567680,1939.0,8566.0
2020-11-04 01:48:58+00:00,0.291,0.687,271801,641674,48928.0,73994.0
2020-11-04 01:49:58+00:00,0.29,0.688,274717,651742,2916.0,10068.0
2020-11-04 01:50:58+00:00,0.289,0.688,274477,653427,-240.0,1685.0
2020-11-04 01:52:04+00:00,0.284,0.694,285716,698194,11239.0,44767.0
2020-11-04 01:52:58+00:00,0.283,0.695,287843,706894,2127.0,8700.0
2020-11-04 01:54:04+00:00,0.352,0.624,451145,799756,163302.0,92862.0
2020-11-04 01:54:59+00:00,0.35,0.626,454850,813531,3705.0,13775.0
2020-11-04 01:55:56+00:00,0.349,0.627,455550,818424,700.0,4893.0
2020-11-04 01:57:01+00:00,0.348,0.628,455634,822235,84.0,3811.0
2020-11-04 01:57:57+00:00,0.347,0.628,455544,824442,-90.0,2207.0
2020-11-04 01:58:58+00:00,0.346,0.629,456141,829228,597.0,4786.0
2020-11-04 01:59:58+00:00,0.347,0.629,462897,839083,6756.0,9855.0
2020-11-04 02:01:17+00:00,0.346,0.629,462262,840355,-635.0,1272.0
2020-11-04 02:02:02+00:00,0.343,0.633,470235,867810,7973.0,27455.0
2020-11-04 02:03:01+00:00,0.342,0.633,469361,868730,-874.0,920.0
2020-11-04 02:03:59+00:00,0.342,0.634,471088,873303,1727.0,4573.0
2020-11-04 02:05:02+00:00,0.35,0.627,542532,971907,71444.0,98604.0
2020-11-04 02:06:13+00:00,0.348,0.629,548541,991471,6009.0,19564.0
2020-11-04 02:06:56+00:00,0.347,0.629,547602,992628,-939.0,1157.0
2020-11-04 02:08:00+00:00,0.346,0.631,549974,1002987,2372.0,10359.0
2020-11-04 02:09:01+00:00,0.346,0.631,550494,1003935,520.0,948.0
2020-11-04 02:10:12+00:00,0.345,0.631,553254,1011894,2760.0,7959.0
2020-11-04 02:11:09+00:00,0.344,0.633,555858,1022843,2604.0,10949.0
2020-11-04 02:12:49+00:00,0.342,0.635,558460,1036907,2602.0,14064.0
2020-11-04 02:13:04+00:00,0.341,0.636,560424,1045248,1964.0,8341.0
2020-11-04 02:14:11+00:00,0.34,0.637,562098,1053108,1674.0,7860.0
2020-11-04 02:14:31+00:00,0.34,0.636,564344,1055656,2246.0,2548.0
2020-11-04 02:15:03+00:00,0.342,0.634,586723,1087667,22379.0,32011.0
2020-11-04 02:17:41+00:00,0.342,0.634,586888,1087974,165.0,307.0
2020-11-04 02:19:56+00:00,0.342,0.634,587674,1089430,786.0,1456.0
2020-11-04 02:20:38+00:00,0.342,0.634,588787,1091493,1113.0,2063.0
2020-11-04 02:22:04+00:00,0.34,0.635,592335,1106273,3548.0,14780.0
2020-11-04 02:22:27+00:00,0.34,0.636,592682,1108664,347.0,2391.0
2020-11-04 02:22:45+00:00,0.34,0.636,592794,1108874,112.0,210.0
2020-11-04 02:23:49+00:00,0.339,0.637,596109,1120123,3315.0,11249.0
2020-11-04 02:24:18+00:00,0.338,0.637,595528,1122340,-581.0,2217.0
2020-11-04 02:25:54+00:00,0.336,0.64,612596,1166849,17068.0,44509.0
2020-11-04 02:29:53+00:00,0.335,0.641,614704,1176195,2108.0,9346.0
2020-11-04 02:30:21+00:00,0.334,0.642,615893,1183842,1189.0,7647.0
2020-11-04 02:31:35+00:00,0.37,0.605,797986,1304815,182093.0,120973.0
2020-11-04 02:34:54+00:00,0.37,0.605,798616,1305845,630.0,1030.0
2020-11-04 02:38:05+00:00,0.371,0.604,815333,1327388,16717.0,21543.0
2020-11-04 02:41:46+00:00,0.37,0.604,814945,1330343,-388.0,2955.0
2020-11-04 02:41:52+00:00,0.37,0.604,815177,1330721,232.0,378.0
2020-11-04 02:42:37+00:00,0.365,0.61,844904,1412032,29727.0,81311.0
2020-11-04 02:43:15+00:00,0.364,0.611,848460,1424200,3556.0,12168.0
2020-11-04 02:43:30+00:00,0.363,0.612,848581,1430666,121.0,6466.0
2020-11-04 02:47:28+00:00,0.362,0.613,857752,1452491,9171.0,21825.0
2020-11-04 02:51:31+00:00,0.358,0.617,891673,1536767,33921.0,84276.0
2020-11-04 02:53:44+00:00,0.358,0.617,895073,1542625,3400.0,5858.0
2020-11-04 02:55:34+00:00,0.359,0.615,907869,1555264,12796.0,12639.0
2020-11-04 02:57:42+00:00,0.359,0.615,908386,1556149,517.0,885.0
2020-11-04 02:58:26+00:00,0.359,0.616,908486,1558851,100.0,2702.0
2020-11-04 03:00:46+00:00,0.359,0.616,909118,1559936,632.0,1085.0
2020-11-04 03:05:34+00:00,0.356,0.618,919877,1596864,10759.0,36928.0
2020-11-04 03:06:35+00:00,0.356,0.618,921083,1598959,1206.0,2095.0
2020-11-04 03:08:46+00:00,0.356,0.618,922601,1601594,1518.0,2635.0
2020-11-04 03:09:38+00:00,0.356,0.618,922602,1601596,1.0,2.0
2020-11-04 03:10:14+00:00,0.356,0.618,923106,1602471,504.0,875.0
2020-11-04 03:12:33+00:00,0.355,0.619,923767,1610738,661.0,8267.0
2020-11-04 03:14:33+00:00,0.355,0.619,928183,1618438,4416.0,7700.0
2020-11-04 03:18:15+00:00,0.354,0.62,926677,1622994,-1506.0,4556.0
2020-11-04 03:23:46+00:00,0.354,0.62,931049,1630650,4372.0,7656.0
2020-11-04 03:25:02+00:00,0.354,0.62,931314,1631115,265.0,465.0
2020-11-04 03:29:15+00:00,0.354,0.62,931738,1631857,424.0,742.0
2020-11-04 03:30:54+00:00,0.353,0.621,933820,1642783,2082.0,10926.0
2020-11-04 03:32:41+00:00,0.353,0.62,938308,1648019,4488.0,5236.0
2020-11-04 03:34:56+00:00,0.353,0.621,939460,1652704,1152.0,4685.0
2020-11-04 03:39:07+00:00,0.353,0.621,944677,1661883,5217.0,9179.0
2020-11-04 03:42:24+00:00,0.352,0.622,949310,1677473,4633.0,15590.0
2020-11-04 03:49:33+00:00,0.351,0.622,950316,1684036,1006.0,6563.0
2020-11-04 03:55:33+00:00,0.351,0.623,952853,1691246,2537.0,7210.0
2020-11-04 03:56:27+00:00,0.351,0.623,954823,1694743,1970.0,3497.0
2020-11-04 03:57:22+00:00,0.349,0.624,956075,1709429,1252.0,14686.0
2020-11-04 04:00:00+00:00,0.351,0.622,969626,1718254,13551.0,8825.0
2020-11-04 04:03:39+00:00,0.351,0.623,970977,1723415,1351.0,5161.0
2020-11-04 04:15:23+00:00,0.351,0.623,971104,1723641,127.0,226.0
2020-11-04 04:17:22+00:00,0.351,0.623,971874,1725007,770.0,1366.0
2020-11-04 04:22:18+00:00,0.351,0.623,972487,1726096,613.0,1089.0
2020-11-04 04:31:22+00:00,0.35,0.623,975379,1736174,2892.0,10078.0
2020-11-04 04:38:40+00:00,0.35,0.623,976671,1738474,1292.0,2300.0
2020-11-04 04:44:30+00:00,0.349,0.624,986712,1764208,10041.0,25734.0
2020-11-04 04:47:24+00:00,0.35,0.623,994227,1769724,7515.0,5516.0
2020-11-04 04:59:30+00:00,0.35,0.623,994840,1770815,613.0,1091.0
2020-11-04 05:05:11+00:00,0.349,0.625,1013645,1815267,18805.0,44452.0
2020-11-04 05:10:48+00:00,0.349,0.625,1014522,1816838,877.0,1571.0
2020-11-04 05:31:37+00:00,0.349,0.625,1015403,1818414,881.0,1576.0
2020-11-04 05:41:26+00:00,0.352,0.622,1033477,1826200,18074.0,7786.0
2020-11-04 05:45:31+00:00,0.352,0.622,1034934,1828775,1457.0,2575.0
2020-11-04 06:44:52+00:00,0.352,0.622,1035146,1829150,212.0,375.0
2020-11-04 09:56:52+00:00,0.353,0.621,1042206,1833456,7060.0,4306.0
