timestamp,democrat__percent,republican__percent,democrat__count,republican__count,democrat__delta,republican__delta
2020-11-04 01:23:27+00:00,0.599,0.401,626,419,,
2020-11-04 01:29:13+00:00,0.613,0.387,1344,849,718.0,430.0
2020-11-04 01:30:00+00:00,0.504,0.496,1866,1836,522.0,987.0
2020-11-04 01:33:25+00:00,0.492,0.508,2102,2170,236.0,334.0
2020-11-04 01:41:13+00:00,0.504,0.496,2401,2363,299.0,193.0
2020-11-04 01:41:37+00:00,0.496,0.504,2602,2643,201.0,280.0
2020-11-04 01:42:00+00:00,0.539,0.461,4830,4131,2228.0,1488.0
2020-11-04 01:42:45+00:00,0.548,0.452,5054,4169,224.0,38.0
2020-11-04 01:43:21+00:00,0.573,0.426,6092,4529,1038.0,360.0
2020-11-04 01:46:35+00:00,0.537,0.462,6263,5388,171.0,859.0
2020-11-04 01:46:59+00:00,0.537,0.462,6264,5389,1.0,1.0
2020-11-04 01:49:47+00:00,0.608,0.391,12888,8288,6624.0,2899.0
2020-11-04 01:55:35+00:00,0.593,0.407,13953,9576,1065.0,1288.0
2020-11-04 01:56:38+00:00,0.566,0.433,17386,13300,3433.0,3724.0
2020-11-04 01:56:38+00:00,0.566,0.433,17386,13300,0.0,0.0
2020-11-04 01:58:05+00:00,0.565,0.434,18181,13965,795.0,665.0
2020-11-04 02:00:39+00:00,0.55,0.449,22298,18203,4117.0,4238.0
2020-11-04 02:03:00+00:00,0.557,0.442,24243,19238,1945.0,1035.0
2020-11-04 02:03:30+00:00,0.56,0.44,31807,24992,7564.0,5754.0
2020-11-04 02:03:44+00:00,0.535,0.464,32119,27857,312.0,2865.0
2020-11-04 02:05:06+00:00,0.533,0.467,32431,28416,312.0,559.0
2020-11-04 02:06:38+00:00,0.527,0.473,33617,30173,1186.0,1757.0
2020-11-04 02:09:48+00:00,0.52,0.479,34874,32124,1257.0,1951.0
2020-11-04 02:10:14+00:00,0.483,0.517,41968,44923,7094.0,12799.0
2020-11-04 02:11:32+00:00,0.52,0.479,49788,45863,7820.0,940.0
2020-11-04 02:12:42+00:00,0.507,0.493,51503,50080,1715.0,4217.0
2020-11-04 02:13:04+00:00,0.504,0.495,53261,52310,1758.0,2230.0
2020-11-04 02:17:02+00:00,0.499,0.5,54525,54634,1264.0,2324.0
2020-11-04 02:17:17+00:00,0.482,0.517,55072,59071,547.0,4437.0
2020-11-04 02:19:16+00:00,0.516,0.484,77051,72273,21979.0,13202.0
2020-11-04 02:20:30+00:00,0.529,0.47,88135,78305,11084.0,6032.0
2020-11-04 02:22:45+00:00,0.517,0.483,90672,84709,2537.0,6404.0
2020-11-04 02:22:51+00:00,0.508,0.491,97544,94280,6872.0,9571.0
2020-11-04 02:23:25+00:00,0.495,0.504,98389,100178,845.0,5898.0
2020-11-04 02:23:51+00:00,0.487,0.512,101891,107121,3502.0,6943.0
2020-11-04 02:24:38+00:00,0.478,0.521,103478,112787,1587.0,5666.0
2020-11-04 02:25:56+00:00,0.478,0.522,103749,113300,271.0,513.0
2020-11-04 02:26:38+00:00,0.471,0.529,109021,122447,5272.0,9147.0
2020-11-04 02:27:06+00:00,0.464,0.535,111583,128657,2562.0,6210.0
2020-11-04 02:27:21+00:00,0.463,0.537,111802,129671,219.0,1014.0
2020-11-04 02:27:52+00:00,0.458,0.541,114778,135578,2976.0,5907.0
2020-11-04 02:28:26+00:00,0.458,0.542,116455,137814,1677.0,2236.0
2020-11-04 02:28:42+00:00,0.455,0.545,116902,140026,447.0,2212.0
2020-11-04 02:29:43+00:00,0.449,0.55,118631,145316,1729.0,5290.0
2020-11-04 02:31:17+00:00,0.445,0.554,120666,150222,2035.0,4906.0
2020-11-04 02:32:43+00:00,0.441,0.559,123315,156311,2649.0,6089.0
2020-11-04 02:33:22+00:00,0.423,0.577,125109,170657,1794.0,14346.0
2020-11-04 02:33:59+00:00,0.412,0.587,127350,181443,2241.0,10786.0
2020-11-04 02:34:13+00:00,0.414,0.585,129931,183598,2581.0,2155.0
2020-11-04 02:35:12+00:00,0.412,0.587,130224,185538,293.0,1940.0
2020-11-04 02:36:33+00:00,0.447,0.553,158885,196563,28661.0,11025.0
2020-11-04 02:38:23+00:00,0.446,0.553,160092,198499,1207.0,1936.0
2020-11-04 02:38:51+00:00,0.446,0.553,173895,215614,13803.0,17115.0
2020-11-04 02:39:11+00:00,0.442,0.557,174515,219921,620.0,4307.0
2020-11-04 02:39:54+00:00,0.438,0.562,176025,225859,1510.0,5938.0
2020-11-04 02:40:24+00:00,0.437,0.562,177645,228459,1620.0,2600.0
2020-11-04 02:42:01+00:00,0.437,0.562,178610,229700,965.0,1241.0
2020-11-04 02:42:59+00:00,0.436,0.563,178784,230861,174.0,1161.0
2020-11-04 02:44:19+00:00,0.436,0.563,178884,230990,100.0,129.0
2020-11-04 02:45:54+00:00,0.447,0.552,190176,234848,11292.0,3858.0
2020-11-04 02:46:22+00:00,0.444,0.554,191595,239062,1419.0,4214.0
2020-11-04 02:46:37+00:00,0.434,0.565,193473,251872,1878.0,12810.0
2020-11-04 02:51:14+00:00,0.43,0.569,196528,260056,3055.0,8184.0
2020-11-04 02:51:31+00:00,0.429,0.57,197228,262052,700.0,1996.0
2020-11-04 02:52:28+00:00,0.429,0.57,199297,264800,2069.0,2748.0
2020-11-04 02:52:49+00:00,0.424,0.574,199895,270613,598.0,5813.0
2020-11-04 02:53:10+00:00,0.423,0.576,202164,275287,2269.0,4674.0
2020-11-04 02:53:37+00:00,0.42,0.578,203800,280467,1636.0,5180.0
2020-11-04 02:54:54+00:00,0.421,0.578,206057,282900,2257.0,2433.0
2020-11-04 02:55:19+00:00,0.424,0.575,220167,298576,14110.0,15676.0
2020-11-04 02:56:41+00:00,0.424,0.575,233801,317065,13634.0,18489.0
2020-11-04 02:57:02+00:00,0.422,0.577,236606,323511,2805.0,6446.0
2020-11-04 02:58:03+00:00,0.426,0.573,240947,324091,4341.0,580.0
2020-11-04 02:58:33+00:00,0.425,0.574,240937,325406,-10.0,1315.0
2020-11-04 02:59:54+00:00,0.425,0.574,241443,326091,506.0,685.0
2020-11-04 03:00:45+00:00,0.428,0.571,245374,327357,3931.0,1266.0
2020-11-04 03:01:47+00:00,0.429,0.57,247083,328293,1709.0,936.0
2020-11-04 03:04:02+00:00,0.422,0.577,248436,339687,1353.0,11394.0
2020-11-04 03:07:16+00:00,0.413,0.586,255227,362137,6791.0,22450.0
2020-11-04 03:07:46+00:00,0.414,0.584,258793,365061,3566.0,2924.0
2020-11-04 03:08:49+00:00,0.412,0.587,262665,374234,3872.0,9173.0
2020-11-04 03:09:37+00:00,0.409,0.59,264283,381239,1618.0,7005.0
2020-11-04 03:10:05+00:00,0.435,0.564,316874,410844,52591.0,29605.0
2020-11-04 03:12:50+00:00,0.431,0.568,317954,419021,1080.0,8177.0
2020-11-04 03:14:37+00:00,0.431,0.568,318659,419950,705.0,929.0
2020-11-04 03:15:42+00:00,0.428,0.571,322539,430303,3880.0,10353.0
2020-11-04 03:16:37+00:00,0.425,0.574,332363,448886,9824.0,18583.0
2020-11-04 03:16:59+00:00,0.416,0.583,340020,476519,7657.0,27633.0
2020-11-04 03:19:18+00:00,0.412,0.586,345727,491737,5707.0,15218.0
2020-11-04 03:19:59+00:00,0.415,0.584,362026,509453,16299.0,17716.0
2020-11-04 03:21:26+00:00,0.415,0.584,364292,512642,2266.0,3189.0
2020-11-04 03:21:39+00:00,0.406,0.592,369626,538963,5334.0,26321.0
2020-11-04 03:23:15+00:00,0.407,0.592,371194,539919,1568.0,956.0
2020-11-04 03:24:00+00:00,0.401,0.598,379062,565285,7868.0,25366.0
2020-11-04 03:24:47+00:00,0.399,0.6,381027,572972,1965.0,7687.0
2020-11-04 03:25:37+00:00,0.395,0.604,396352,606068,15325.0,33096.0
2020-11-04 03:26:41+00:00,0.394,0.605,399583,613573,3231.0,7505.0
2020-11-04 03:27:10+00:00,0.398,0.6,408651,616057,9068.0,2484.0
2020-11-04 03:29:00+00:00,0.398,0.601,409787,618799,1136.0,2742.0
2020-11-04 03:31:28+00:00,0.398,0.601,412980,623620,3193.0,4821.0
2020-11-04 03:31:51+00:00,0.397,0.602,416844,632091,3864.0,8471.0
2020-11-04 03:33:51+00:00,0.397,0.602,432632,656031,15788.0,23940.0
2020-11-04 03:36:11+00:00,0.393,0.606,439413,677568,6781.0,21537.0
2020-11-04 03:36:24+00:00,0.393,0.606,440028,678517,615.0,949.0
2020-11-04 03:36:34+00:00,0.393,0.606,440200,678781,172.0,264.0
2020-11-04 03:36:58+00:00,0.393,0.606,442313,682040,2113.0,3259.0
2020-11-04 03:37:16+00:00,0.391,0.608,442416,687951,103.0,5911.0
2020-11-04 03:38:04+00:00,0.39,0.609,450868,704047,8452.0,16096.0
2020-11-04 03:39:36+00:00,0.395,0.604,461561,705779,10693.0,1732.0
2020-11-04 03:42:27+00:00,0.396,0.603,481945,733872,20384.0,28093.0
2020-11-04 03:44:34+00:00,0.398,0.601,501914,757916,19969.0,24044.0
2020-11-04 03:45:08+00:00,0.398,0.601,502226,758386,312.0,470.0
2020-11-04 03:45:56+00:00,0.4,0.599,507095,759375,4869.0,989.0
2020-11-04 03:46:57+00:00,0.401,0.598,510204,760853,3109.0,1478.0
2020-11-04 03:48:42+00:00,0.402,0.597,513796,763026,3592.0,2173.0
2020-11-04 03:50:16+00:00,0.397,0.601,515341,780151,1545.0,17125.0
2020-11-04 03:50:47+00:00,0.397,0.602,526796,798820,11455.0,18669.0
2020-11-04 03:52:10+00:00,0.39,0.608,550904,858846,24108.0,60026.0
2020-11-04 03:53:35+00:00,0.389,0.609,551766,863818,862.0,4972.0
2020-11-04 03:53:52+00:00,0.389,0.61,556259,872284,4493.0,8466.0
2020-11-04 03:54:45+00:00,0.386,0.612,569574,903056,13315.0,30772.0
2020-11-04 03:55:07+00:00,0.384,0.615,575764,922122,6190.0,19066.0
2020-11-04 03:56:04+00:00,0.384,0.615,579136,927523,3372.0,5401.0
2020-11-04 03:56:28+00:00,0.383,0.615,578253,928526,-883.0,1003.0
2020-11-04 03:57:12+00:00,0.383,0.616,580842,934200,2589.0,5674.0
2020-11-04 04:00:47+00:00,0.379,0.62,586388,959262,5546.0,25062.0
2020-11-04 04:04:06+00:00,0.377,0.622,595475,982454,9087.0,23192.0
2020-11-04 04:05:19+00:00,0.377,0.622,595516,982523,41.0,69.0
2020-11-04 04:05:32+00:00,0.377,0.622,595588,982641,72.0,118.0
2020-11-04 04:16:04+00:00,0.376,0.622,602263,996297,6675.0,13656.0
2020-11-04 04:18:29+00:00,0.374,0.625,606852,1014125,4589.0,17828.0
2020-11-04 04:20:05+00:00,0.374,0.625,607884,1015848,1032.0,1723.0
2020-11-04 04:24:16+00:00,0.374,0.625,610127,1019597,2243.0,3749.0
2020-11-04 04:28:17+00:00,0.374,0.625,610191,1019704,64.0,107.0
2020-11-04 04:28:21+00:00,0.373,0.625,609927,1021996,-264.0,2292.0
2020-11-04 04:34:06+00:00,0.374,0.624,628163,1048058,18236.0,26062.0
2020-11-04 04:39:51+00:00,0.374,0.624,628984,1049428,821.0,1370.0
2020-11-04 04:44:31+00:00,0.371,0.627,636557,1075799,7573.0,26371.0
2020-11-04 04:48:42+00:00,0.374,0.625,661011,1104631,24454.0,28832.0
2020-11-04 05:00:04+00:00,0.372,0.626,665691,1120222,4680.0,15591.0
2020-11-04 05:05:11+00:00,0.375,0.624,685708,1141018,20017.0,20796.0
2020-11-04 05:07:00+00:00,0.375,0.623,702994,1167907,17286.0,26889.0
2020-11-04 05:08:03+00:00,0.375,0.623,703770,1169196,776.0,1289.0
2020-11-04 05:09:39+00:00,0.375,0.623,703803,1169252,33.0,56.0
2020-11-04 05:10:27+00:00,0.382,0.617,733424,1184613,29621.0,15361.0
2020-11-04 05:36:07+00:00,0.383,0.615,740262,1188672,6838.0,4059.0
2020-11-04 05:40:58+00:00,0.382,0.616,746788,1204245,6526.0,15573.0
2020-11-04 05:53:08+00:00,0.382,0.617,748306,1208651,1518.0,4406.0
2020-11-04 06:06:51+00:00,0.381,0.618,753782,1222670,5476.0,14019.0
2020-11-04 06:08:16+00:00,0.38,0.618,755219,1228225,1437.0,5555.0
2020-11-04 06:09:18+00:00,0.379,0.619,756362,1235325,1143.0,7100.0
2020-11-04 06:13:36+00:00,0.38,0.618,761362,1238214,5000.0,2889.0
2020-11-04 06:27:58+00:00,0.379,0.619,769810,1257289,8448.0,19075.0
2020-11-04 06:29:42+00:00,0.379,0.62,770593,1260600,783.0,3311.0
2020-11-04 06:30:54+00:00,0.38,0.619,778409,1267987,7816.0,7387.0
2020-11-04 06:32:02+00:00,0.379,0.619,776790,1268689,-1619.0,702.0
2020-11-04 06:33:02+00:00,0.379,0.619,779287,1272767,2497.0,4078.0
2020-11-04 06:34:07+00:00,0.378,0.621,781962,1284652,2675.0,11885.0
2020-11-04 06:35:33+00:00,0.379,0.619,786613,1284732,4651.0,80.0
2020-11-04 06:36:09+00:00,0.384,0.615,806859,1292235,20246.0,7503.0
2020-11-04 06:36:26+00:00,0.384,0.615,807453,1293186,594.0,951.0
2020-11-04 06:37:24+00:00,0.383,0.616,809470,1301916,2017.0,8730.0
2020-11-04 06:38:16+00:00,0.385,0.614,821796,1310604,12326.0,8688.0
2020-11-04 06:39:20+00:00,0.384,0.614,821136,1312962,-660.0,2358.0
2020-11-04 06:55:53+00:00,0.385,0.613,828114,1318529,6978.0,5567.0
2020-11-04 07:10:43+00:00,0.386,0.613,830869,1319489,2755.0,960.0
2020-11-04 17:08:01+00:00,0.396,0.603,871873,1327624,41004.0,8135.0
2020-11-04 20:19:32+00:00,0.394,0.604,873175,1338572,1302.0,10948.0
2020-11-04 20:58:46+00:00,0.394,0.604,874701,1340913,1526.0,2341.0
2020-11-04 21:08:16+00:00,0.395,0.603,904924,1381442,30223.0,40529.0
2020-11-06 18:38:03+00:00,0.395,0.603,904761,1381192,-163.0,-250.0
2020-11-06 22:25:48+00:00,0.397,0.601,914375,1384230,9614.0,3038.0
