timestamp,republican__percent,democrat__percent,republican__count,democrat__count,republican__delta,democrat__delta
2020-11-04 01:23:07+00:00,0.407,0.585,429,616,,
2020-11-04 01:28:39+00:00,0.395,0.602,865,1318,436.0,702.0
2020-11-04 01:29:35+00:00,0.506,0.489,1877,1814,1012.0,496.0
2020-11-04 01:32:46+00:00,0.52,0.474,2226,2029,349.0,215.0
2020-11-04 01:40:51+00:00,0.516,0.476,2708,2499,482.0,470.0
2020-11-04 01:41:31+00:00,0.472,0.52,4234,4665,1526.0,2166.0
2020-11-04 01:42:13+00:00,0.463,0.53,4275,4894,41.0,229.0
2020-11-04 01:43:04+00:00,0.439,0.551,4674,5867,399.0,973.0
2020-11-04 01:45:58+00:00,0.475,0.515,5543,6010,869.0,143.0
2020-11-04 01:46:29+00:00,0.475,0.515,5544,6011,1.0,1.0
2020-11-04 01:49:11+00:00,0.398,0.592,7415,11030,1871.0,5019.0
2020-11-04 01:52:02+00:00,0.406,0.58,8644,12348,1229.0,1318.0
2020-11-04 01:55:09+00:00,0.423,0.564,9994,13325,1350.0,977.0
2020-11-04 01:56:07+00:00,0.452,0.533,13928,16424,3934.0,3099.0
2020-11-04 01:57:36+00:00,0.454,0.53,14654,17107,726.0,683.0
2020-11-04 02:00:03+00:00,0.468,0.519,19020,21092,4366.0,3985.0
2020-11-04 02:02:35+00:00,0.462,0.526,26462,30127,7442.0,9035.0
2020-11-04 02:02:42+00:00,0.465,0.523,26840,30188,378.0,61.0
2020-11-04 02:03:00+00:00,0.489,0.499,29816,30426,2976.0,238.0
2020-11-04 02:04:16+00:00,0.491,0.497,30343,30714,527.0,288.0
2020-11-04 02:06:06+00:00,0.498,0.49,32245,31727,1902.0,1013.0
2020-11-04 02:08:52+00:00,0.497,0.49,33216,32749,971.0,1022.0
2020-11-04 02:09:29+00:00,0.538,0.449,46951,39184,13735.0,6435.0
2020-11-04 02:09:46+00:00,0.54,0.447,47422,39255,471.0,71.0
2020-11-04 02:10:50+00:00,0.501,0.485,48439,46892,1017.0,7637.0
2020-11-04 02:12:20+00:00,0.514,0.473,52696,48492,4257.0,1600.0
2020-11-04 02:12:31+00:00,0.517,0.47,55133,50121,2437.0,1629.0
2020-11-04 02:16:36+00:00,0.522,0.466,57553,51378,2420.0,1257.0
2020-11-04 02:16:48+00:00,0.539,0.449,62126,51752,4573.0,374.0
2020-11-04 02:17:24+00:00,0.544,0.444,63973,52214,1847.0,462.0
2020-11-04 02:18:14+00:00,0.503,0.485,75613,72908,11640.0,20694.0
2020-11-04 02:19:55+00:00,0.489,0.499,81978,83655,6365.0,10747.0
2020-11-04 02:22:05+00:00,0.502,0.487,88901,86244,6923.0,2589.0
2020-11-04 02:22:13+00:00,0.51,0.477,98828,92433,9927.0,6189.0
2020-11-04 02:22:55+00:00,0.523,0.465,104859,93231,6031.0,798.0
2020-11-04 02:23:15+00:00,0.531,0.457,112018,96407,7159.0,3176.0
2020-11-04 02:23:54+00:00,0.54,0.447,117860,97562,5842.0,1155.0
2020-11-04 02:25:01+00:00,0.541,0.447,118386,97817,526.0,255.0
2020-11-04 02:26:10+00:00,0.547,0.44,127617,102654,9231.0,4837.0
2020-11-04 02:26:59+00:00,0.555,0.432,134852,104966,7235.0,2312.0
2020-11-04 02:27:21+00:00,0.56,0.428,141197,107915,6345.0,2949.0
2020-11-04 02:27:48+00:00,0.559,0.429,142554,109402,1357.0,1487.0
2020-11-04 02:28:17+00:00,0.562,0.425,144815,109513,2261.0,111.0
2020-11-04 02:29:00+00:00,0.568,0.42,150511,111293,5696.0,1780.0
2020-11-04 02:31:33+00:00,0.569,0.419,153330,112909,2819.0,1616.0
2020-11-04 02:31:58+00:00,0.57,0.418,154215,113091,885.0,182.0
2020-11-04 02:32:19+00:00,0.572,0.416,156433,113770,2218.0,679.0
2020-11-04 02:32:33+00:00,0.591,0.397,171187,114993,14754.0,1223.0
2020-11-04 02:33:33+00:00,0.603,0.386,182740,116978,11553.0,1985.0
2020-11-04 02:33:39+00:00,0.6,0.388,184667,119418,1927.0,2440.0
2020-11-04 02:34:46+00:00,0.602,0.386,186637,119671,1970.0,253.0
2020-11-04 02:35:38+00:00,0.605,0.384,191317,121431,4680.0,1760.0
2020-11-04 02:35:52+00:00,0.568,0.42,199499,147517,8182.0,26086.0
2020-11-04 02:38:15+00:00,0.569,0.419,217481,160149,17982.0,12632.0
2020-11-04 02:38:29+00:00,0.573,0.414,221845,160286,4364.0,137.0
2020-11-04 02:38:46+00:00,0.573,0.415,222782,161352,937.0,1066.0
2020-11-04 02:39:23+00:00,0.578,0.41,227868,161636,5086.0,284.0
2020-11-04 02:39:35+00:00,0.578,0.41,230566,163550,2698.0,1914.0
2020-11-04 02:40:43+00:00,0.578,0.41,231845,164458,1279.0,908.0
2020-11-04 02:42:18+00:00,0.579,0.409,233024,164606,1179.0,148.0
2020-11-04 02:43:53+00:00,0.581,0.407,236379,165588,3355.0,982.0
2020-11-04 02:45:28+00:00,0.57,0.419,240567,176838,4188.0,11250.0
2020-11-04 02:45:43+00:00,0.571,0.417,243553,177866,2986.0,1028.0
2020-11-04 02:45:54+00:00,0.582,0.406,256587,178994,13034.0,1128.0
2020-11-04 02:50:20+00:00,0.586,0.402,264957,181762,8370.0,2768.0
2020-11-04 02:50:58+00:00,0.587,0.401,266999,182396,2042.0,634.0
2020-11-04 02:51:56+00:00,0.587,0.401,269894,184374,2895.0,1978.0
2020-11-04 02:52:39+00:00,0.593,0.395,280608,186914,10714.0,2540.0
2020-11-04 02:52:42+00:00,0.596,0.392,286396,188368,5788.0,1454.0
2020-11-04 02:54:26+00:00,0.592,0.396,304640,203779,18244.0,15411.0
2020-11-04 02:55:57+00:00,0.592,0.396,305521,204369,881.0,590.0
2020-11-04 02:56:15+00:00,0.595,0.393,329810,217841,24289.0,13472.0
2020-11-04 02:56:28+00:00,0.597,0.391,338170,221482,8360.0,3641.0
2020-11-04 02:57:53+00:00,0.594,0.394,340496,225851,2326.0,4369.0
2020-11-04 02:58:08+00:00,0.595,0.393,347433,229481,6937.0,3630.0
2020-11-04 02:58:42+00:00,0.592,0.396,348769,233298,1336.0,3817.0
2020-11-04 02:59:22+00:00,0.592,0.396,349482,233775,713.0,477.0
2020-11-04 03:01:01+00:00,0.592,0.396,351058,234829,1576.0,1054.0
2020-11-04 03:03:29+00:00,0.598,0.39,362265,236260,11207.0,1431.0
2020-11-04 03:06:21+00:00,0.607,0.381,385543,241997,23278.0,5737.0
2020-11-04 03:06:59+00:00,0.606,0.382,389243,245364,3700.0,3367.0
2020-11-04 03:08:18+00:00,0.61,0.378,398198,246752,8955.0,1388.0
2020-11-04 03:09:05+00:00,0.613,0.375,405465,248041,7267.0,1289.0
2020-11-04 03:09:25+00:00,0.586,0.401,435883,298275,30418.0,50234.0
2020-11-04 03:12:01+00:00,0.59,0.397,444347,298993,8464.0,718.0
2020-11-04 03:14:02+00:00,0.591,0.397,446067,299642,1720.0,649.0
2020-11-04 03:14:47+00:00,0.593,0.394,451631,300072,5564.0,430.0
2020-11-04 03:15:22+00:00,0.593,0.395,456031,303764,4400.0,3692.0
2020-11-04 03:16:18+00:00,0.596,0.392,479205,315182,23174.0,11418.0
2020-11-04 03:16:42+00:00,0.605,0.383,503937,319021,24732.0,3839.0
2020-11-04 03:17:36+00:00,0.609,0.379,514744,320341,10807.0,1320.0
2020-11-04 03:18:38+00:00,0.608,0.38,519647,324779,4903.0,4438.0
2020-11-04 03:19:26+00:00,0.606,0.382,538101,339199,18454.0,14420.0
2020-11-04 03:20:10+00:00,0.61,0.378,552235,342205,14134.0,3006.0
2020-11-04 03:20:36+00:00,0.612,0.376,561793,345154,9558.0,2949.0
2020-11-04 03:21:04+00:00,0.614,0.374,568639,346370,6846.0,1216.0
2020-11-04 03:22:41+00:00,0.614,0.374,569633,346975,994.0,605.0
2020-11-04 03:23:35+00:00,0.62,0.368,595879,353683,26246.0,6708.0
2020-11-04 03:24:12+00:00,0.621,0.367,602915,356312,7036.0,2629.0
2020-11-04 03:25:19+00:00,0.625,0.362,637162,369045,34247.0,12733.0
2020-11-04 03:25:56+00:00,0.626,0.362,638640,369309,1478.0,264.0
2020-11-04 03:26:28+00:00,0.624,0.363,646835,376284,8195.0,6975.0
2020-11-04 03:26:41+00:00,0.622,0.366,648669,381693,1834.0,5409.0
2020-11-04 03:28:28+00:00,0.623,0.365,651497,381696,2828.0,3.0
2020-11-04 03:30:56+00:00,0.623,0.365,656451,384598,4954.0,2902.0
2020-11-04 03:32:55+00:00,0.623,0.365,680165,398492,23714.0,13894.0
2020-11-04 03:33:16+00:00,0.623,0.365,681256,399131,1091.0,639.0
2020-11-04 03:33:50+00:00,0.625,0.363,693416,402736,12160.0,3605.0
2020-11-04 03:34:12+00:00,0.627,0.361,701390,403831,7974.0,1095.0
2020-11-04 03:35:23+00:00,0.629,0.359,711530,406104,10140.0,2273.0
2020-11-04 03:36:04+00:00,0.631,0.358,718888,407863,7358.0,1759.0
2020-11-04 03:36:19+00:00,0.632,0.356,735617,414367,16729.0,6504.0
2020-11-04 03:36:41+00:00,0.632,0.356,739028,416288,3411.0,1921.0
2020-11-04 03:39:21+00:00,0.627,0.361,740973,426621,1945.0,10333.0
2020-11-04 03:41:28+00:00,0.627,0.361,771436,444160,30463.0,17539.0
2020-11-04 03:44:11+00:00,0.624,0.364,795528,464058,24092.0,19898.0
2020-11-04 03:44:37+00:00,0.624,0.364,796019,464344,491.0,286.0
2020-11-04 03:44:58+00:00,0.622,0.365,797127,467768,1108.0,3424.0
2020-11-04 03:46:24+00:00,0.621,0.366,798704,470734,1577.0,2966.0
2020-11-04 03:48:07+00:00,0.62,0.367,801003,474142,2299.0,3408.0
2020-11-04 03:49:33+00:00,0.621,0.366,813857,479665,12854.0,5523.0
2020-11-04 03:49:58+00:00,0.624,0.363,827677,481485,13820.0,1820.0
2020-11-04 03:50:06+00:00,0.624,0.363,845719,491981,18042.0,10496.0
2020-11-04 03:51:49+00:00,0.631,0.356,909399,513068,63680.0,21087.0
2020-11-04 03:52:41+00:00,0.632,0.355,914544,513707,5145.0,639.0
2020-11-04 03:53:35+00:00,0.632,0.355,921863,517819,7319.0,4112.0
2020-11-04 03:54:06+00:00,0.635,0.352,955290,529547,33427.0,11728.0
2020-11-04 03:54:19+00:00,0.637,0.35,973018,534625,17728.0,5078.0
2020-11-04 03:55:07+00:00,0.637,0.35,974067,535201,1049.0,576.0
2020-11-04 03:55:21+00:00,0.638,0.35,981243,538300,7176.0,3099.0
2020-11-04 03:56:43+00:00,0.639,0.349,987108,539125,5865.0,825.0
2020-11-04 03:59:40+00:00,0.639,0.349,988023,539624,915.0,499.0
2020-11-04 04:00:00+00:00,0.643,0.345,1013062,543556,25039.0,3932.0
2020-11-04 04:03:03+00:00,0.644,0.343,1035486,551509,22424.0,7953.0
2020-11-04 04:04:42+00:00,0.644,0.343,1036136,551855,650.0,346.0
2020-11-04 04:12:03+00:00,0.645,0.342,1044644,553904,8508.0,2049.0
2020-11-04 04:15:33+00:00,0.645,0.342,1058815,561418,14171.0,7514.0
2020-11-04 04:17:29+00:00,0.648,0.339,1077326,563601,18511.0,2183.0
2020-11-04 04:18:55+00:00,0.648,0.339,1079116,564538,1790.0,937.0
2020-11-04 04:27:41+00:00,0.648,0.339,1081701,565890,2585.0,1352.0
2020-11-04 04:33:36+00:00,0.648,0.339,1110525,580969,28824.0,15079.0
2020-11-04 04:39:13+00:00,0.648,0.339,1111949,581714,1424.0,745.0
2020-11-04 04:43:59+00:00,0.651,0.336,1139305,588028,27356.0,6314.0
2020-11-04 04:47:53+00:00,0.648,0.338,1167504,608976,28199.0,20948.0
2020-11-04 04:59:39+00:00,0.649,0.337,1183701,614649,16197.0,5673.0
2020-11-04 05:04:23+00:00,0.647,0.339,1207582,632721,23881.0,18072.0
2020-11-04 05:05:17+00:00,0.647,0.339,1207693,632779,111.0,58.0
2020-11-04 05:06:58+00:00,0.64,0.347,1255743,680848,48050.0,48069.0
2020-11-04 05:34:58+00:00,0.638,0.348,1260023,687285,4280.0,6437.0
2020-11-04 05:40:33+00:00,0.639,0.347,1276191,693018,16168.0,5733.0
2020-11-04 05:52:31+00:00,0.639,0.347,1279304,694708,3113.0,1690.0
2020-11-04 06:12:38+00:00,0.639,0.348,1284366,699467,5062.0,4759.0
2020-11-04 06:27:48+00:00,0.64,0.347,1304065,707048,19699.0,7581.0
2020-11-04 06:29:29+00:00,0.64,0.346,1305391,705727,1326.0,-1321.0
2020-11-04 06:30:35+00:00,0.639,0.347,1313109,713065,7718.0,7338.0
2020-11-04 06:31:52+00:00,0.639,0.347,1313838,713461,729.0,396.0
2020-11-04 06:32:55+00:00,0.64,0.347,1320129,715758,6291.0,2297.0
2020-11-04 06:33:57+00:00,0.641,0.345,1330229,715958,10100.0,200.0
2020-11-04 06:35:22+00:00,0.635,0.352,1338442,741940,8213.0,25982.0
2020-11-04 06:36:18+00:00,0.635,0.352,1339430,742487,988.0,547.0
2020-11-04 06:37:13+00:00,0.636,0.351,1348423,744177,8993.0,1690.0
2020-11-04 06:38:09+00:00,0.634,0.352,1357565,753727,9142.0,9550.0
2020-11-04 06:39:10+00:00,0.634,0.352,1360005,755082,2440.0,1355.0
2020-11-04 06:55:35+00:00,0.634,0.353,1367991,761673,7986.0,6591.0
2020-11-04 07:10:16+00:00,0.633,0.353,1366821,762224,-1170.0,551.0
2020-11-04 08:02:25+00:00,0.632,0.355,1409521,791741,42700.0,29517.0
2020-11-04 17:07:25+00:00,0.622,0.364,1417837,829731,8316.0,37990.0
2020-11-04 20:19:14+00:00,0.623,0.363,1429446,832888,11609.0,3157.0
2020-11-04 20:23:33+00:00,0.623,0.363,1429488,832912,42.0,24.0
2020-11-04 20:58:46+00:00,0.623,0.363,1431324,833982,1836.0,1070.0
2020-11-04 21:08:16+00:00,0.623,0.363,1431420,834038,96.0,56.0
2020-11-06 18:37:30+00:00,0.623,0.363,1431166,833889,-254.0,-149.0
2020-11-06 22:25:48+00:00,0.621,0.365,1434448,843114,3282.0,9225.0
