timestamp,republican__percent,libertarian__percent,republican__count,libertarian__count,republican__delta,libertarian__delta
2020-11-04 01:37:45+00:00,0.797,0.203,8605,2192,,
2020-11-04 01:42:47+00:00,0.736,0.264,42854,15372,34249.0,13180.0
2020-11-04 01:47:23+00:00,0.734,0.266,44198,16017,1344.0,645.0
2020-11-04 01:48:45+00:00,0.734,0.266,46682,16918,2484.0,901.0
2020-11-04 01:49:47+00:00,0.738,0.262,50925,18079,4243.0,1161.0
2020-11-04 01:50:48+00:00,0.72,0.28,77352,30081,26427.0,12002.0
2020-11-04 01:52:47+00:00,0.7,0.3,107127,45911,29775.0,15830.0
2020-11-04 01:54:46+00:00,0.707,0.293,114123,47295,6996.0,1384.0
2020-11-04 01:56:44+00:00,0.714,0.286,124301,49790,10178.0,2495.0
2020-11-04 02:00:47+00:00,0.713,0.287,124394,50071,93.0,281.0
2020-11-04 02:01:45+00:00,0.714,0.286,127425,51042,3031.0,971.0
2020-11-04 02:08:46+00:00,0.715,0.285,131494,52413,4069.0,1371.0
2020-11-04 02:09:50+00:00,0.718,0.282,135604,53259,4110.0,846.0
2020-11-04 02:10:45+00:00,0.719,0.281,139679,54589,4075.0,1330.0
2020-11-04 02:11:52+00:00,0.692,0.308,203957,90779,64278.0,36190.0
2020-11-04 02:12:53+00:00,0.608,0.392,254146,163857,50189.0,73078.0
2020-11-04 02:14:47+00:00,0.615,0.385,267610,167528,13464.0,3671.0
2020-11-04 02:15:47+00:00,0.617,0.383,272016,168853,4406.0,1325.0
2020-11-04 02:23:27+00:00,0.618,0.382,278470,172129,6454.0,3276.0
2020-11-04 02:27:25+00:00,0.619,0.381,280613,172720,2143.0,591.0
2020-11-04 02:29:04+00:00,0.62,0.38,283546,173787,2933.0,1067.0
2020-11-04 02:30:54+00:00,0.62,0.38,284765,174533,1219.0,746.0
2020-11-04 02:31:49+00:00,0.621,0.379,286265,174710,1500.0,177.0
2020-11-04 02:36:37+00:00,0.621,0.379,287846,175674,1581.0,964.0
2020-11-04 02:40:29+00:00,0.62,0.38,287979,176504,133.0,830.0
2020-11-04 02:40:46+00:00,0.62,0.38,288646,176912,667.0,408.0
2020-11-04 02:46:03+00:00,0.622,0.378,291999,177453,3353.0,541.0
2020-11-04 02:49:11+00:00,0.625,0.375,298175,178905,6176.0,1452.0
2020-11-04 02:49:29+00:00,0.627,0.373,302066,179698,3891.0,793.0
2020-11-04 02:51:05+00:00,0.63,0.37,308651,181271,6585.0,1573.0
2020-11-04 02:52:35+00:00,0.632,0.368,312238,181809,3587.0,538.0
2020-11-04 02:54:48+00:00,0.635,0.365,318910,183310,6672.0,1501.0
2020-11-04 02:58:08+00:00,0.635,0.365,319573,183692,663.0,382.0
2020-11-04 02:59:26+00:00,0.637,0.363,324199,184747,4626.0,1055.0
2020-11-04 03:02:05+00:00,0.638,0.362,325820,184870,1621.0,123.0
2020-11-04 03:02:37+00:00,0.638,0.362,327097,185594,1277.0,724.0
2020-11-04 03:06:33+00:00,0.64,0.36,330769,186057,3672.0,463.0
2020-11-04 03:07:07+00:00,0.642,0.358,336339,187553,5570.0,1496.0
2020-11-04 03:09:54+00:00,0.645,0.355,345861,190358,9522.0,2805.0
2020-11-04 03:10:40+00:00,0.647,0.353,350216,191076,4355.0,718.0
2020-11-04 03:14:46+00:00,0.65,0.35,357291,192388,7075.0,1312.0
2020-11-04 03:16:50+00:00,0.651,0.349,361511,193805,4220.0,1417.0
2020-11-04 03:18:30+00:00,0.653,0.347,370742,197010,9231.0,3205.0
2020-11-04 03:21:20+00:00,0.656,0.344,401643,210618,30901.0,13608.0
2020-11-04 03:22:13+00:00,0.656,0.344,403202,211435,1559.0,817.0
2020-11-04 03:22:31+00:00,0.656,0.344,404301,212011,1099.0,576.0
2020-11-04 03:23:32+00:00,0.658,0.342,413385,214860,9084.0,2849.0
2020-11-04 03:26:39+00:00,0.662,0.338,426981,218006,13596.0,3146.0
2020-11-04 03:30:29+00:00,0.662,0.338,427342,218190,361.0,184.0
2020-11-04 03:33:22+00:00,0.661,0.339,432004,221557,4662.0,3367.0
2020-11-04 03:36:02+00:00,0.662,0.338,438812,224046,6808.0,2489.0
2020-11-04 03:37:57+00:00,0.663,0.337,443908,225636,5096.0,1590.0
2020-11-04 03:38:50+00:00,0.665,0.335,452304,227853,8396.0,2217.0
2020-11-04 03:39:03+00:00,0.666,0.334,457334,229353,5030.0,1500.0
2020-11-04 03:45:40+00:00,0.666,0.334,466317,233858,8983.0,4505.0
2020-11-04 03:47:57+00:00,0.668,0.332,494784,245911,28467.0,12053.0
2020-11-04 03:50:37+00:00,0.669,0.331,502516,248629,7732.0,2718.0
2020-11-04 03:50:57+00:00,0.673,0.327,522853,254046,20337.0,5417.0
2020-11-04 03:54:06+00:00,0.673,0.327,522867,254053,14.0,7.0
2020-11-04 03:56:36+00:00,0.674,0.326,529095,255913,6228.0,1860.0
2020-11-04 03:58:52+00:00,0.675,0.325,535104,257643,6009.0,1730.0
2020-11-04 04:04:19+00:00,0.675,0.325,536732,258427,1628.0,784.0
2020-11-04 04:08:50+00:00,0.679,0.321,554502,262143,17770.0,3716.0
2020-11-04 04:11:37+00:00,0.683,0.317,579140,268796,24638.0,6653.0
2020-11-04 04:11:47+00:00,0.683,0.317,581435,269861,2295.0,1065.0
2020-11-04 04:16:23+00:00,0.683,0.317,598545,277802,17110.0,7941.0
2020-11-04 04:18:12+00:00,0.684,0.316,605927,279931,7382.0,2129.0
2020-11-04 04:19:41+00:00,0.683,0.317,609440,282859,3513.0,2928.0
2020-11-04 04:20:39+00:00,0.684,0.316,611954,282715,2514.0,-144.0
2020-11-04 04:22:49+00:00,0.684,0.316,613457,283410,1503.0,695.0
2020-11-04 04:26:29+00:00,0.685,0.315,617854,284122,4397.0,712.0
2020-11-04 04:34:13+00:00,0.679,0.321,628738,297238,10884.0,13116.0
2020-11-04 04:35:49+00:00,0.679,0.321,630462,298054,1724.0,816.0
2020-11-04 04:48:49+00:00,0.679,0.321,634951,300176,4489.0,2122.0
2020-11-04 04:57:52+00:00,0.68,0.32,639811,301087,4860.0,911.0
2020-11-04 05:01:45+00:00,0.681,0.319,643166,301278,3355.0,191.0
2020-11-04 05:02:15+00:00,0.682,0.318,649006,302615,5840.0,1337.0
2020-11-04 05:06:07+00:00,0.682,0.318,649518,302854,512.0,239.0
2020-11-04 05:07:23+00:00,0.682,0.318,651942,303985,2424.0,1131.0
2020-11-04 05:10:14+00:00,0.682,0.318,657621,306632,5679.0,2647.0
2020-11-04 05:12:11+00:00,0.677,0.323,676691,322853,19070.0,16221.0
2020-11-04 05:14:27+00:00,0.675,0.325,686416,330497,9725.0,7644.0
2020-11-04 05:21:20+00:00,0.678,0.322,714021,339108,27605.0,8611.0
2020-11-04 05:31:10+00:00,0.667,0.333,763661,381258,49640.0,42150.0
2020-11-04 05:37:14+00:00,0.667,0.333,765502,382177,1841.0,919.0
2020-11-04 05:41:54+00:00,0.667,0.333,765678,382265,176.0,88.0
2020-11-04 05:48:29+00:00,0.667,0.333,766305,382578,627.0,313.0
2020-11-04 06:33:42+00:00,0.667,0.333,774067,386453,7762.0,3875.0
2020-11-04 06:37:41+00:00,0.667,0.333,774075,386457,8.0,4.0
2020-11-04 06:58:15+00:00,0.667,0.333,774899,386869,824.0,412.0
2020-11-04 06:58:30+00:00,0.666,0.334,777034,389684,2135.0,2815.0
2020-11-04 07:03:42+00:00,0.666,0.334,777458,389897,424.0,213.0
2020-11-04 09:11:50+00:00,0.666,0.334,779299,390819,1841.0,922.0
2020-11-04 14:36:42+00:00,0.666,0.334,779311,390825,12.0,6.0
2020-11-04 17:16:41+00:00,0.666,0.334,779325,390833,14.0,8.0
2020-11-04 18:51:43+00:00,0.667,0.333,786553,392687,7228.0,1854.0
2020-11-04 20:10:45+00:00,0.667,0.333,786611,392716,58.0,29.0
2020-11-04 20:18:42+00:00,0.667,0.333,786716,392768,105.0,52.0
2020-11-04 21:43:00+00:00,0.667,0.333,786716,392768,0.0,0.0
2020-11-04 22:26:42+00:00,0.667,0.333,789306,394061,2590.0,1293.0
2020-11-04 23:44:41+00:00,0.667,0.333,790482,394649,1176.0,588.0
2020-11-05 16:02:45+00:00,0.667,0.333,790572,394694,90.0,45.0
2020-11-05 16:29:42+00:00,0.667,0.333,790573,394694,1.0,0.0
2020-11-05 21:24:36+00:00,0.667,0.333,790724,394770,151.0,76.0
2020-11-05 21:48:15+00:00,0.667,0.333,793218,396015,2494.0,1245.0
2020-11-05 21:51:14+00:00,0.667,0.333,794636,396723,1418.0,708.0
2020-11-06 19:21:23+00:00,0.667,0.333,792143,395477,-2493.0,-1246.0
2020-11-06 19:29:23+00:00,0.667,0.333,788882,393849,-3261.0,-1628.0
2020-11-06 19:56:37+00:00,0.667,0.333,788886,393851,4.0,2.0
2020-11-07 14:59:04+00:00,0.666,0.334,790193,396283,1307.0,2432.0
2020-11-07 15:00:23+00:00,0.667,0.333,794640,396725,4447.0,442.0
