timestamp,republican__percent,democrat__percent,republican__count,democrat__count,republican__delta,democrat__delta
2020-11-04 02:10:49+00:00,0.416,0.563,2308,3124,,
2020-11-04 02:11:38+00:00,0.178,0.809,49786,226274,47478.0,223150.0
2020-11-04 02:12:58+00:00,0.251,0.733,93460,272933,43674.0,46659.0
2020-11-04 02:18:59+00:00,0.376,0.606,350498,564899,257038.0,291966.0
2020-11-04 02:20:34+00:00,0.377,0.606,352890,567245,2392.0,2346.0
2020-11-04 02:22:03+00:00,0.381,0.601,370143,583873,17253.0,16628.0
2020-11-04 02:27:30+00:00,0.38,0.603,372552,591181,2409.0,7308.0
2020-11-04 02:30:15+00:00,0.399,0.583,422984,618045,50432.0,26864.0
2020-11-04 02:31:05+00:00,0.404,0.578,435114,622514,12130.0,4469.0
2020-11-04 02:31:49+00:00,0.406,0.576,442663,628014,7549.0,5500.0
2020-11-04 02:32:26+00:00,0.407,0.575,585540,827238,142877.0,199224.0
2020-11-04 02:34:25+00:00,0.432,0.548,752874,955035,167334.0,127797.0
2020-11-04 02:34:54+00:00,0.432,0.549,771191,980055,18317.0,25020.0
2020-11-04 02:35:50+00:00,0.43,0.55,862939,1103759,91748.0,123704.0
2020-11-04 02:37:16+00:00,0.429,0.551,872106,1120117,9167.0,16358.0
2020-11-04 02:38:19+00:00,0.431,0.549,898815,1144894,26709.0,24777.0
2020-11-04 02:41:12+00:00,0.432,0.548,907136,1150718,8321.0,5824.0
2020-11-04 02:42:35+00:00,0.438,0.542,950756,1176506,43620.0,25788.0
2020-11-04 02:46:01+00:00,0.438,0.542,968279,1198190,17523.0,21684.0
2020-11-04 02:50:08+00:00,0.439,0.541,974015,1200324,5736.0,2134.0
2020-11-04 02:50:27+00:00,0.441,0.539,984412,1203170,10397.0,2846.0
2020-11-04 02:52:23+00:00,0.441,0.539,986131,1205271,1719.0,2101.0
2020-11-04 03:00:09+00:00,0.44,0.54,1070733,1314081,84602.0,108810.0
2020-11-04 03:03:52+00:00,0.426,0.554,1091068,1418901,20335.0,104820.0
2020-11-04 03:05:05+00:00,0.427,0.554,1094268,1419730,3200.0,829.0
2020-11-04 03:07:20+00:00,0.427,0.553,1095594,1418884,1326.0,-846.0
2020-11-04 03:09:07+00:00,0.427,0.553,1097453,1421291,1859.0,2407.0
2020-11-04 03:10:45+00:00,0.427,0.553,1097453,1421292,0.0,1.0
2020-11-04 03:13:21+00:00,0.427,0.553,1097776,1421709,323.0,417.0
2020-11-04 03:14:01+00:00,0.428,0.552,1103892,1423712,6116.0,2003.0
2020-11-04 03:27:16+00:00,0.429,0.551,1111548,1427653,7656.0,3941.0
2020-11-04 03:30:06+00:00,0.429,0.551,1111555,1427662,7.0,9.0
2020-11-04 03:37:58+00:00,0.429,0.551,1117440,1435221,5885.0,7559.0
2020-11-04 03:41:08+00:00,0.429,0.551,1117491,1435286,51.0,65.0
2020-11-04 03:44:43+00:00,0.43,0.55,1126742,1441182,9251.0,5896.0
2020-11-04 03:47:01+00:00,0.435,0.545,1177425,1475164,50683.0,33982.0
2020-11-04 03:55:35+00:00,0.435,0.545,1177530,1475296,105.0,132.0
2020-11-04 03:56:21+00:00,0.435,0.545,1177689,1475495,159.0,199.0
2020-11-04 04:05:40+00:00,0.435,0.545,1184950,1484593,7261.0,9098.0
2020-11-04 04:06:24+00:00,0.434,0.546,1197880,1507010,12930.0,22417.0
2020-11-04 04:09:48+00:00,0.434,0.546,1197881,1507011,1.0,1.0
2020-11-04 04:12:12+00:00,0.434,0.546,1201155,1511131,3274.0,4120.0
2020-11-04 04:14:31+00:00,0.434,0.546,1203662,1514285,2507.0,3154.0
2020-11-04 04:20:41+00:00,0.435,0.545,1208891,1514588,5229.0,303.0
2020-11-04 04:26:17+00:00,0.435,0.545,1210439,1516527,1548.0,1939.0
2020-11-04 04:32:11+00:00,0.435,0.545,1210489,1516589,50.0,62.0
2020-11-04 04:38:42+00:00,0.435,0.544,1212307,1516080,1818.0,-509.0
2020-11-04 04:44:00+00:00,0.435,0.544,1212604,1516452,297.0,372.0
2020-11-04 04:49:06+00:00,0.436,0.544,1217273,1518799,4669.0,2347.0
2020-11-04 04:55:40+00:00,0.436,0.544,1217346,1518891,73.0,92.0
2020-11-04 05:00:24+00:00,0.436,0.544,1218118,1519854,772.0,963.0
2020-11-04 05:10:04+00:00,0.436,0.544,1218213,1519972,95.0,118.0
2020-11-04 05:10:21+00:00,0.435,0.544,1219844,1525505,1631.0,5533.0
2020-11-04 05:11:55+00:00,0.436,0.544,1225585,1529170,5741.0,3665.0
2020-11-04 05:16:57+00:00,0.436,0.543,1227452,1528685,1867.0,-485.0
2020-11-04 05:30:27+00:00,0.436,0.543,1228640,1530164,1188.0,1479.0
2020-11-04 05:32:57+00:00,0.436,0.543,1229156,1530806,516.0,642.0
2020-11-04 05:37:30+00:00,0.437,0.543,1232812,1531846,3656.0,1040.0
2020-11-04 05:44:15+00:00,0.437,0.543,1234639,1534117,1827.0,2271.0
2020-11-04 05:48:49+00:00,0.437,0.543,1234931,1534480,292.0,363.0
2020-11-04 05:54:31+00:00,0.437,0.542,1236339,1533400,1408.0,-1080.0
2020-11-04 05:55:09+00:00,0.438,0.542,1239437,1533733,3098.0,333.0
2020-11-04 06:08:53+00:00,0.439,0.54,1249601,1537095,10164.0,3362.0
2020-11-04 06:14:21+00:00,0.439,0.54,1249978,1537558,377.0,463.0
2020-11-04 06:15:43+00:00,0.439,0.54,1251945,1539978,1967.0,2420.0
2020-11-04 06:29:51+00:00,0.439,0.541,1254016,1545382,2071.0,5404.0
2020-11-04 06:43:44+00:00,0.439,0.54,1255885,1544824,1869.0,-558.0
2020-11-04 06:51:43+00:00,0.439,0.54,1260091,1549998,4206.0,5174.0
2020-11-04 06:56:43+00:00,0.44,0.54,1263879,1551124,3788.0,1126.0
2020-11-04 06:59:44+00:00,0.44,0.539,1264937,1549548,1058.0,-1576.0
2020-11-04 07:03:44+00:00,0.44,0.539,1264947,1549560,10.0,12.0
2020-11-04 07:05:43+00:00,0.44,0.539,1267078,1552170,2131.0,2610.0
2020-11-04 07:13:43+00:00,0.44,0.539,1268525,1553943,1447.0,1773.0
2020-11-04 07:19:42+00:00,0.44,0.539,1268785,1554261,260.0,318.0
2020-11-04 07:49:42+00:00,0.44,0.539,1269572,1555226,787.0,965.0
2020-11-04 08:01:43+00:00,0.44,0.539,1269827,1555538,255.0,312.0
2020-11-04 08:02:43+00:00,0.44,0.539,1271587,1557694,1760.0,2156.0
2020-11-04 08:15:09+00:00,0.44,0.539,1275712,1562747,4125.0,5053.0
2020-11-04 08:34:42+00:00,0.44,0.539,1275975,1563069,263.0,322.0
2020-11-04 11:31:43+00:00,0.44,0.539,1279158,1566969,3183.0,3900.0
2020-11-04 18:49:48+00:00,0.44,0.538,1280736,1565991,1578.0,-978.0
2020-11-04 19:07:43+00:00,0.441,0.538,1285354,1568074,4618.0,2083.0
2020-11-04 20:15:45+00:00,0.442,0.537,1297106,1575895,11752.0,7821.0
2020-11-04 21:07:43+00:00,0.442,0.537,1300120,1579557,3014.0,3662.0
2020-11-04 21:50:42+00:00,0.443,0.536,1310584,1585718,10464.0,6161.0
2020-11-04 22:06:43+00:00,0.443,0.535,1311287,1583609,703.0,-2109.0
2020-11-04 23:00:43+00:00,0.443,0.535,1311371,1583710,84.0,101.0
2020-11-04 23:32:43+00:00,0.443,0.535,1311790,1584216,419.0,506.0
2020-11-04 23:40:45+00:00,0.443,0.535,1311952,1584411,162.0,195.0
2020-11-04 23:54:42+00:00,0.443,0.535,1312425,1584982,473.0,571.0
2020-11-05 00:25:44+00:00,0.442,0.536,1319219,1599777,6794.0,14795.0
2020-11-05 01:06:42+00:00,0.443,0.536,1324029,1601985,4810.0,2208.0
2020-11-05 01:21:43+00:00,0.443,0.536,1330613,1609952,6584.0,7967.0
2020-11-05 02:19:44+00:00,0.443,0.535,1338993,1617068,8380.0,7116.0
2020-11-05 03:35:42+00:00,0.443,0.535,1343423,1622419,4430.0,5351.0
2020-11-05 04:54:42+00:00,0.443,0.535,1345585,1625029,2162.0,2610.0
2020-11-05 16:30:43+00:00,0.445,0.532,1366582,1633757,20997.0,8728.0
2020-11-05 20:49:37+00:00,0.445,0.532,1366625,1633808,43.0,51.0
2020-11-05 23:11:38+00:00,0.445,0.532,1367944,1635385,1319.0,1577.0
2020-11-06 00:05:38+00:00,0.444,0.533,1377241,1653310,9297.0,17925.0
2020-11-06 00:18:37+00:00,0.444,0.533,1377477,1653593,236.0,283.0
2020-11-06 15:08:37+00:00,0.444,0.533,1383773,1661150,6296.0,7557.0
2020-11-06 18:52:38+00:00,0.445,0.533,1394072,1669754,10299.0,8604.0
2020-11-06 23:09:37+00:00,0.445,0.533,1394679,1670481,607.0,727.0
2020-11-06 23:25:36+00:00,0.444,0.534,1400076,1683875,5397.0,13394.0
