timestamp,republican__percent,democrat__percent,republican__count,democrat__count,republican__delta,democrat__delta
2020-11-04 02:09:20+00:00,0.27,0.713,98833,260992,,
2020-11-04 02:11:09+00:00,0.271,0.711,100718,264246,1885.0,3254.0
2020-11-04 02:12:59+00:00,0.311,0.671,144623,312032,43905.0,47786.0
2020-11-04 02:17:28+00:00,0.311,0.67,149421,321904,4798.0,9872.0
2020-11-04 02:18:07+00:00,0.328,0.652,257641,512139,108220.0,190235.0
2020-11-04 02:18:14+00:00,0.375,0.605,384630,620536,126989.0,108397.0
2020-11-04 02:20:35+00:00,0.377,0.603,397691,636094,13061.0,15558.0
2020-11-04 02:22:05+00:00,0.379,0.6,403720,639134,6029.0,3040.0
2020-11-04 02:27:32+00:00,0.376,0.604,418518,672300,14798.0,33166.0
2020-11-04 02:31:49+00:00,0.383,0.597,437892,682563,19374.0,10263.0
2020-11-04 02:32:08+00:00,0.383,0.595,571290,887513,133398.0,204950.0
2020-11-04 02:34:25+00:00,0.386,0.592,581851,892372,10561.0,4859.0
2020-11-04 02:34:33+00:00,0.386,0.593,592021,909504,10170.0,17132.0
2020-11-04 02:34:54+00:00,0.406,0.572,748194,1054106,156173.0,144602.0
2020-11-04 02:35:53+00:00,0.405,0.572,836377,1181253,88183.0,127147.0
2020-11-04 02:38:20+00:00,0.408,0.569,852891,1189449,16514.0,8196.0
2020-11-04 02:40:42+00:00,0.393,0.584,871437,1294959,18546.0,105510.0
2020-11-04 02:41:12+00:00,0.394,0.584,879402,1303479,7965.0,8520.0
2020-11-04 02:42:37+00:00,0.4,0.577,921260,1328918,41858.0,25439.0
2020-11-04 02:46:02+00:00,0.401,0.577,939681,1352109,18421.0,23191.0
2020-11-04 02:49:20+00:00,0.401,0.576,942970,1354490,3289.0,2381.0
2020-11-04 02:50:04+00:00,0.403,0.575,951272,1357274,8302.0,2784.0
2020-11-04 02:50:27+00:00,0.404,0.574,955513,1357585,4241.0,311.0
2020-11-04 02:52:23+00:00,0.404,0.574,957090,1359826,1577.0,2241.0
2020-11-04 03:00:09+00:00,0.403,0.574,1037103,1477164,80013.0,117338.0
2020-11-04 03:02:45+00:00,0.403,0.574,1037467,1477682,364.0,518.0
2020-11-04 03:05:05+00:00,0.403,0.574,1038074,1478547,607.0,865.0
2020-11-04 03:07:16+00:00,0.404,0.574,1041919,1480351,3845.0,1804.0
2020-11-04 03:08:31+00:00,0.404,0.573,1043692,1480286,1773.0,-65.0
2020-11-04 03:13:21+00:00,0.404,0.573,1043997,1480719,305.0,433.0
2020-11-04 03:14:02+00:00,0.404,0.573,1047367,1485498,3370.0,4779.0
2020-11-04 03:27:18+00:00,0.406,0.571,1057404,1487137,10037.0,1639.0
2020-11-04 03:29:18+00:00,0.406,0.571,1057429,1487172,25.0,35.0
2020-11-04 03:37:56+00:00,0.406,0.571,1063087,1495130,5658.0,7958.0
2020-11-04 03:41:08+00:00,0.406,0.571,1063136,1495198,49.0,68.0
2020-11-04 03:44:43+00:00,0.407,0.57,1070478,1499195,7342.0,3997.0
2020-11-04 03:46:57+00:00,0.412,0.565,1119200,1534826,48722.0,35631.0
2020-11-04 03:55:36+00:00,0.412,0.565,1119301,1534964,101.0,138.0
2020-11-04 03:56:19+00:00,0.412,0.565,1121089,1537416,1788.0,2452.0
2020-11-04 04:01:48+00:00,0.412,0.565,1121098,1537428,9.0,12.0
2020-11-04 04:04:34+00:00,0.412,0.565,1121367,1537797,269.0,369.0
2020-11-04 04:05:36+00:00,0.411,0.566,1139629,1569416,18262.0,31619.0
2020-11-04 04:06:24+00:00,0.411,0.566,1140151,1570135,522.0,719.0
2020-11-04 04:12:15+00:00,0.411,0.566,1143292,1574461,3141.0,4326.0
2020-11-04 04:12:56+00:00,0.411,0.566,1143293,1574461,1.0,0.0
2020-11-04 04:14:34+00:00,0.411,0.566,1145692,1577766,2399.0,3305.0
2020-11-04 04:20:22+00:00,0.412,0.565,1150679,1577994,4987.0,228.0
2020-11-04 04:26:17+00:00,0.412,0.565,1152179,1580051,1500.0,2057.0
2020-11-04 04:31:25+00:00,0.412,0.565,1152228,1580118,49.0,67.0
2020-11-04 04:38:42+00:00,0.412,0.564,1153961,1579694,1733.0,-424.0
2020-11-04 04:43:59+00:00,0.412,0.564,1154244,1580082,283.0,388.0
2020-11-04 04:49:06+00:00,0.413,0.564,1158846,1582541,4602.0,2459.0
2020-11-04 05:00:25+00:00,0.413,0.564,1159580,1583542,734.0,1001.0
2020-11-04 05:09:28+00:00,0.413,0.564,1159671,1583666,91.0,124.0
2020-11-04 05:10:23+00:00,0.413,0.564,1164112,1589732,4441.0,6066.0
2020-11-04 05:11:56+00:00,0.413,0.563,1166920,1590741,2808.0,1009.0
2020-11-04 05:16:57+00:00,0.413,0.563,1168017,1592236,1097.0,1495.0
2020-11-04 05:17:45+00:00,0.413,0.563,1168707,1593176,690.0,940.0
2020-11-04 05:30:25+00:00,0.414,0.563,1172693,1594749,3986.0,1573.0
2020-11-04 05:32:58+00:00,0.414,0.563,1173188,1595423,495.0,674.0
2020-11-04 05:37:30+00:00,0.414,0.563,1173982,1596502,794.0,1079.0
2020-11-04 05:44:21+00:00,0.414,0.562,1175734,1596045,1752.0,-457.0
2020-11-04 05:47:56+00:00,0.414,0.562,1176018,1596430,284.0,385.0
2020-11-04 05:54:44+00:00,0.415,0.562,1180197,1598243,4179.0,1813.0
2020-11-04 06:00:42+00:00,0.415,0.562,1180462,1598601,265.0,358.0
2020-11-04 06:08:54+00:00,0.416,0.56,1190335,1602374,9873.0,3773.0
2020-11-04 06:13:36+00:00,0.416,0.56,1190702,1602868,367.0,494.0
2020-11-04 06:14:32+00:00,0.416,0.56,1190703,1602869,1.0,1.0
2020-11-04 06:14:57+00:00,0.416,0.56,1190703,1602870,0.0,1.0
2020-11-04 06:15:44+00:00,0.416,0.56,1192577,1605392,1874.0,2522.0
2020-11-04 06:29:52+00:00,0.416,0.56,1194546,1608043,1969.0,2651.0
2020-11-04 06:43:43+00:00,0.416,0.56,1196345,1610465,1799.0,2422.0
2020-11-04 06:51:42+00:00,0.417,0.559,1203463,1613276,7118.0,2811.0
2020-11-04 06:56:43+00:00,0.417,0.559,1204342,1614453,879.0,1177.0
2020-11-04 06:59:44+00:00,0.417,0.559,1205355,1615812,1013.0,1359.0
2020-11-04 07:05:44+00:00,0.417,0.559,1207411,1618568,2056.0,2756.0
2020-11-04 07:13:43+00:00,0.417,0.559,1208801,1620431,1390.0,1863.0
2020-11-04 07:19:42+00:00,0.417,0.559,1209051,1620766,250.0,335.0
2020-11-04 07:49:42+00:00,0.417,0.558,1209816,1618890,765.0,-1876.0
2020-11-04 08:01:46+00:00,0.417,0.558,1210059,1619215,243.0,325.0
2020-11-04 08:02:43+00:00,0.418,0.558,1214656,1621478,4597.0,2263.0
2020-11-04 08:20:43+00:00,0.417,0.558,1215679,1626736,1023.0,5258.0
2020-11-04 08:21:57+00:00,0.417,0.558,1215680,1626737,1.0,1.0
2020-11-04 08:34:49+00:00,0.417,0.558,1215928,1627069,248.0,332.0
2020-11-04 11:31:43+00:00,0.418,0.558,1221946,1631210,6018.0,4141.0
2020-11-04 18:49:48+00:00,0.418,0.558,1223471,1633246,1525.0,2036.0
2020-11-04 19:07:43+00:00,0.418,0.558,1225114,1635439,1643.0,2193.0
2020-11-04 20:15:45+00:00,0.419,0.556,1236493,1640788,11379.0,5349.0
2020-11-04 21:07:44+00:00,0.419,0.556,1239393,1644636,2900.0,3848.0
2020-11-04 21:50:43+00:00,0.42,0.555,1249539,1651177,10146.0,6541.0
2020-11-04 22:06:43+00:00,0.42,0.555,1250212,1652066,673.0,889.0
2020-11-04 23:00:43+00:00,0.42,0.555,1250293,1652172,81.0,106.0
2020-11-04 23:32:43+00:00,0.421,0.554,1253669,1649721,3376.0,-2451.0
2020-11-04 23:40:45+00:00,0.421,0.554,1253826,1649928,157.0,207.0
2020-11-04 23:54:42+00:00,0.421,0.554,1254287,1650534,461.0,606.0
2020-11-05 00:25:44+00:00,0.42,0.555,1260625,1665826,6338.0,15292.0
2020-11-05 01:06:43+00:00,0.42,0.555,1262377,1668141,1752.0,2315.0
2020-11-05 01:21:43+00:00,0.42,0.555,1268928,1676797,6551.0,8656.0
2020-11-05 02:19:45+00:00,0.42,0.554,1277002,1684427,8074.0,7630.0
2020-11-05 03:35:43+00:00,0.42,0.554,1281273,1690060,4271.0,5633.0
2020-11-05 04:54:42+00:00,0.421,0.554,1286411,1692806,5138.0,2746.0
2020-11-05 16:30:43+00:00,0.423,0.551,1306963,1702450,20552.0,9644.0
2020-11-05 20:49:37+00:00,0.423,0.551,1307004,1702503,41.0,53.0
2020-11-05 23:11:38+00:00,0.422,0.551,1305194,1704175,-1810.0,1672.0
2020-11-06 00:05:38+00:00,0.422,0.552,1316997,1722707,11803.0,18532.0
2020-11-06 00:18:38+00:00,0.422,0.552,1317226,1723007,229.0,300.0
2020-11-06 15:08:37+00:00,0.421,0.552,1320194,1730990,2968.0,7983.0
2020-11-06 18:52:38+00:00,0.422,0.552,1330339,1740159,10145.0,9169.0
2020-11-06 23:09:37+00:00,0.422,0.552,1330925,1740925,586.0,766.0
2020-11-06 23:25:36+00:00,0.421,0.553,1335886,1754739,4961.0,13814.0
