timestamp,republican__percent,democrat__percent,republican__count,democrat__count,republican__delta,democrat__delta
2020-11-04 01:08:08+00:00,0.83,0.135,14823,2411,,
2020-11-04 01:33:59+00:00,0.41,0.572,91866,128165,77043.0,125754.0
2020-11-04 01:34:10+00:00,0.433,0.547,114833,145067,22967.0,16902.0
2020-11-04 01:36:52+00:00,0.424,0.557,135340,177794,20507.0,32727.0
2020-11-04 01:40:09+00:00,0.424,0.557,135384,177851,44.0,57.0
2020-11-04 01:41:01+00:00,0.413,0.568,203182,279437,67798.0,101586.0
2020-11-04 01:41:21+00:00,0.415,0.566,207314,282746,4132.0,3309.0
2020-11-04 01:44:59+00:00,0.427,0.553,223768,289797,16454.0,7051.0
2020-11-04 01:50:40+00:00,0.428,0.553,224814,290472,1046.0,675.0
2020-11-04 01:51:22+00:00,0.429,0.551,229429,294674,4615.0,4202.0
2020-11-04 01:52:13+00:00,0.435,0.545,238137,298356,8708.0,3682.0
2020-11-04 01:52:47+00:00,0.435,0.545,238140,298359,3.0,3.0
2020-11-04 01:57:22+00:00,0.435,0.545,238252,298500,112.0,141.0
2020-11-04 01:59:15+00:00,0.429,0.551,258938,332575,20686.0,34075.0
2020-11-04 01:59:23+00:00,0.426,0.554,269591,350594,10653.0,18019.0
2020-11-04 01:59:36+00:00,0.426,0.554,280221,364418,10630.0,13824.0
2020-11-04 02:00:19+00:00,0.411,0.569,285480,395227,5259.0,30809.0
2020-11-04 02:00:53+00:00,0.411,0.569,285576,395359,96.0,132.0
2020-11-04 02:01:23+00:00,0.411,0.569,286109,396098,533.0,739.0
2020-11-04 02:03:30+00:00,0.412,0.568,287268,396040,1159.0,-58.0
2020-11-04 02:04:56+00:00,0.413,0.567,290317,398570,3049.0,2530.0
2020-11-04 02:06:20+00:00,0.413,0.567,290563,398908,246.0,338.0
2020-11-04 02:07:40+00:00,0.413,0.567,290991,399496,428.0,588.0
2020-11-04 02:07:53+00:00,0.412,0.569,331527,457861,40536.0,58365.0
2020-11-04 02:09:50+00:00,0.412,0.568,331858,457513,331.0,-348.0
2020-11-04 02:10:58+00:00,0.415,0.566,338188,461240,6330.0,3727.0
2020-11-04 02:11:39+00:00,0.416,0.564,341180,462562,2992.0,1322.0
2020-11-04 02:12:24+00:00,0.417,0.563,342900,462955,1720.0,393.0
2020-11-04 02:13:13+00:00,0.418,0.562,344883,463694,1983.0,739.0
2020-11-04 02:14:08+00:00,0.419,0.562,346216,464375,1333.0,681.0
2020-11-04 02:14:43+00:00,0.42,0.56,349358,465811,3142.0,1436.0
2020-11-04 02:15:00+00:00,0.4,0.581,359124,521628,9766.0,55817.0
2020-11-04 02:16:15+00:00,0.401,0.58,361022,522177,1898.0,549.0
2020-11-04 02:17:31+00:00,0.403,0.578,365155,523722,4133.0,1545.0
2020-11-04 02:17:59+00:00,0.406,0.574,375935,531494,10780.0,7772.0
2020-11-04 02:22:03+00:00,0.409,0.572,381498,533537,5563.0,2043.0
2020-11-04 02:22:52+00:00,0.409,0.571,382158,533526,660.0,-11.0
2020-11-04 02:25:46+00:00,0.41,0.571,383710,534387,1552.0,861.0
2020-11-04 02:26:19+00:00,0.412,0.569,389099,537372,5389.0,2985.0
2020-11-04 02:26:42+00:00,0.412,0.569,389639,538118,540.0,746.0
2020-11-04 02:28:30+00:00,0.412,0.568,389876,537500,237.0,-618.0
2020-11-04 02:28:56+00:00,0.413,0.567,393359,540035,3483.0,2535.0
2020-11-04 02:29:49+00:00,0.413,0.568,412561,567396,19202.0,27361.0
2020-11-04 02:30:30+00:00,0.413,0.568,413108,568148,547.0,752.0
2020-11-04 02:30:51+00:00,0.413,0.567,413772,568060,664.0,-88.0
2020-11-04 02:31:00+00:00,0.414,0.567,415316,568802,1544.0,742.0
2020-11-04 02:32:04+00:00,0.415,0.565,420041,571864,4725.0,3062.0
2020-11-04 02:33:19+00:00,0.417,0.563,423994,572443,3953.0,579.0
2020-11-04 02:35:56+00:00,0.417,0.563,424305,572863,311.0,420.0
2020-11-04 02:37:05+00:00,0.42,0.561,429989,574342,5684.0,1479.0
2020-11-04 02:37:52+00:00,0.42,0.561,430103,574495,114.0,153.0
2020-11-04 02:38:19+00:00,0.421,0.56,432104,574770,2001.0,275.0
2020-11-04 02:38:25+00:00,0.425,0.556,441252,577261,9148.0,2491.0
2020-11-04 02:39:27+00:00,0.425,0.556,441255,577266,3.0,5.0
2020-11-04 02:39:39+00:00,0.425,0.556,441511,577600,256.0,334.0
2020-11-04 02:39:56+00:00,0.426,0.554,445138,578888,3627.0,1288.0
2020-11-04 02:40:32+00:00,0.426,0.554,445541,579413,403.0,525.0
2020-11-04 02:40:51+00:00,0.427,0.554,446876,579788,1335.0,375.0
2020-11-04 02:42:02+00:00,0.431,0.549,458437,583949,11561.0,4161.0
2020-11-04 02:42:50+00:00,0.432,0.548,460439,584075,2002.0,126.0
2020-11-04 02:43:12+00:00,0.434,0.546,469420,590561,8981.0,6486.0
2020-11-04 02:45:16+00:00,0.435,0.545,471897,591227,2477.0,666.0
2020-11-04 02:45:53+00:00,0.437,0.544,476708,593431,4811.0,2204.0
2020-11-04 02:46:16+00:00,0.437,0.543,476878,592551,170.0,-880.0
2020-11-04 02:47:08+00:00,0.438,0.543,478651,593396,1773.0,845.0
2020-11-04 02:47:21+00:00,0.429,0.551,486175,624435,7524.0,31039.0
2020-11-04 02:48:27+00:00,0.429,0.551,486584,624960,409.0,525.0
2020-11-04 02:48:50+00:00,0.434,0.546,502783,632533,16199.0,7573.0
2020-11-04 02:49:05+00:00,0.442,0.539,540687,659345,37904.0,26812.0
2020-11-04 02:50:21+00:00,0.44,0.541,555576,683106,14889.0,23761.0
2020-11-04 02:53:12+00:00,0.44,0.541,556087,683734,511.0,628.0
2020-11-04 02:53:22+00:00,0.441,0.54,565911,692952,9824.0,9218.0
2020-11-04 02:53:44+00:00,0.442,0.539,568072,692740,2161.0,-212.0
2020-11-04 02:54:04+00:00,0.443,0.538,571227,693725,3155.0,985.0
2020-11-04 02:54:55+00:00,0.444,0.537,574695,695070,3468.0,1345.0
2020-11-04 02:55:10+00:00,0.444,0.536,576303,695717,1608.0,647.0
2020-11-04 02:55:34+00:00,0.444,0.536,576730,696232,427.0,515.0
2020-11-04 02:55:48+00:00,0.45,0.53,599230,705760,22500.0,9528.0
2020-11-04 02:56:42+00:00,0.451,0.529,604839,709445,5609.0,3685.0
2020-11-04 02:57:08+00:00,0.451,0.529,605216,709888,377.0,443.0
2020-11-04 02:57:45+00:00,0.451,0.529,605776,710545,560.0,657.0
2020-11-04 02:59:08+00:00,0.404,0.577,651080,929883,45304.0,219338.0
2020-11-04 02:59:31+00:00,0.405,0.576,653934,930040,2854.0,157.0
2020-11-04 02:59:58+00:00,0.407,0.574,660642,931717,6708.0,1677.0
2020-11-04 03:00:39+00:00,0.409,0.572,671507,939124,10865.0,7407.0
2020-11-04 03:03:17+00:00,0.41,0.571,674117,938831,2610.0,-293.0
2020-11-04 03:03:58+00:00,0.413,0.569,684867,943557,10750.0,4726.0
2020-11-04 03:05:20+00:00,0.414,0.568,688277,944303,3410.0,746.0
2020-11-04 03:05:46+00:00,0.414,0.567,688940,943549,663.0,-754.0
2020-11-04 03:06:26+00:00,0.417,0.565,702447,951757,13507.0,8208.0
2020-11-04 03:06:47+00:00,0.417,0.565,702721,952128,274.0,371.0
2020-11-04 03:07:17+00:00,0.419,0.563,712585,957483,9864.0,5355.0
2020-11-04 03:08:09+00:00,0.407,0.543,719104,959395,6519.0,1912.0
2020-11-04 03:09:46+00:00,0.408,0.542,723243,960779,4139.0,1384.0
2020-11-04 03:10:12+00:00,0.409,0.541,726227,960608,2984.0,-171.0
2020-11-04 03:10:21+00:00,0.409,0.541,727405,962167,1178.0,1559.0
2020-11-04 03:10:58+00:00,0.409,0.541,728258,963295,853.0,1128.0
2020-11-04 03:11:51+00:00,0.41,0.54,732214,964379,3956.0,1084.0
2020-11-04 03:12:28+00:00,0.413,0.537,744880,968525,12666.0,4146.0
2020-11-04 03:12:42+00:00,0.414,0.536,749002,969723,4122.0,1198.0
2020-11-04 03:15:36+00:00,0.388,0.566,798100,1164238,49098.0,194515.0
2020-11-04 03:16:32+00:00,0.389,0.565,802134,1165054,4034.0,816.0
2020-11-04 03:21:05+00:00,0.391,0.564,829456,1196454,27322.0,31400.0
2020-11-04 03:23:32+00:00,0.378,0.58,861553,1321960,32097.0,125506.0
2020-11-04 03:24:54+00:00,0.379,0.579,867937,1325951,6384.0,3991.0
2020-11-04 03:25:33+00:00,0.379,0.578,869822,1326536,1885.0,585.0
2020-11-04 03:28:07+00:00,0.379,0.578,869914,1326676,92.0,140.0
2020-11-04 03:29:40+00:00,0.38,0.577,873642,1326556,3728.0,-120.0
2020-11-04 03:32:12+00:00,0.38,0.577,874137,1327308,495.0,752.0
2020-11-04 03:32:31+00:00,0.382,0.576,882481,1330652,8344.0,3344.0
2020-11-04 03:33:21+00:00,0.383,0.574,888407,1331450,5926.0,798.0
2020-11-04 03:33:46+00:00,0.385,0.573,896599,1334419,8192.0,2969.0
2020-11-04 03:34:28+00:00,0.386,0.572,901606,1336058,5007.0,1639.0
2020-11-04 03:34:31+00:00,0.388,0.57,913029,1341305,11423.0,5247.0
2020-11-04 03:35:15+00:00,0.388,0.569,915908,1343174,2879.0,1869.0
2020-11-04 03:35:43+00:00,0.389,0.569,919561,1345065,3653.0,1891.0
2020-11-04 03:36:11+00:00,0.391,0.567,930089,1348748,10528.0,3683.0
2020-11-04 03:36:37+00:00,0.386,0.579,1216036,1824054,285947.0,475306.0
2020-11-04 03:36:55+00:00,0.386,0.579,1217331,1825996,1295.0,1942.0
2020-11-04 03:37:30+00:00,0.387,0.578,1222579,1825971,5248.0,-25.0
2020-11-04 03:37:49+00:00,0.387,0.578,1223806,1827803,1227.0,1832.0
2020-11-04 03:38:13+00:00,0.388,0.576,1235204,1833705,11398.0,5902.0
2020-11-04 03:39:08+00:00,0.389,0.576,1241204,1837875,6000.0,4170.0
2020-11-04 03:39:22+00:00,0.389,0.575,1242730,1836940,1526.0,-935.0
2020-11-04 03:40:13+00:00,0.389,0.575,1243426,1837969,696.0,1029.0
2020-11-04 03:40:32+00:00,0.39,0.575,1249027,1841514,5601.0,3545.0
2020-11-04 03:41:42+00:00,0.402,0.564,1381989,1938910,132962.0,97396.0
2020-11-04 03:43:26+00:00,0.402,0.564,1382187,1939188,198.0,278.0
2020-11-04 03:44:16+00:00,0.405,0.561,1406043,1947630,23856.0,8442.0
2020-11-04 03:45:02+00:00,0.403,0.563,1409754,1969458,3711.0,21828.0
2020-11-04 03:45:15+00:00,0.404,0.562,1416014,1969802,6260.0,344.0
2020-11-04 03:46:06+00:00,0.405,0.561,1423303,1971538,7289.0,1736.0
2020-11-04 03:46:48+00:00,0.406,0.56,1428002,1969658,4699.0,-1880.0
2020-11-04 03:48:20+00:00,0.407,0.559,1435992,1972283,7990.0,2625.0
2020-11-04 03:49:28+00:00,0.407,0.559,1440856,1978965,4864.0,6682.0
2020-11-04 03:49:40+00:00,0.408,0.558,1447525,1979704,6669.0,739.0
2020-11-04 03:50:35+00:00,0.409,0.557,1453333,1979233,5808.0,-471.0
2020-11-04 03:50:47+00:00,0.409,0.557,1454669,1981053,1336.0,1820.0
2020-11-04 03:56:11+00:00,0.409,0.557,1457730,1985222,3061.0,4169.0
2020-11-04 03:56:31+00:00,0.41,0.557,1463267,1987902,5537.0,2680.0
2020-11-04 03:58:11+00:00,0.411,0.556,1470909,1989842,7642.0,1940.0
2020-11-04 04:00:00+00:00,0.411,0.555,1473466,1989717,2557.0,-125.0
2020-11-04 04:02:38+00:00,0.411,0.556,1481221,2003793,7755.0,14076.0
2020-11-04 04:03:39+00:00,0.411,0.555,1485548,2006033,4327.0,2240.0
2020-11-04 04:07:27+00:00,0.411,0.555,1485811,2006387,263.0,354.0
2020-11-04 04:07:42+00:00,0.411,0.555,1489224,2010995,3413.0,4608.0
2020-11-04 04:09:25+00:00,0.412,0.554,1494096,2009052,4872.0,-1943.0
2020-11-04 04:11:50+00:00,0.413,0.553,1508817,2020280,14721.0,11228.0
2020-11-04 04:15:36+00:00,0.42,0.562,1511594,2022657,2777.0,2377.0
2020-11-04 04:16:15+00:00,0.421,0.561,1519869,2025288,8275.0,2631.0
2020-11-04 04:18:21+00:00,0.421,0.56,1521219,2023474,1350.0,-1814.0
2020-11-04 04:22:35+00:00,0.422,0.56,1528111,2027826,6892.0,4352.0
2020-11-04 04:26:14+00:00,0.422,0.56,1529217,2029293,1106.0,1467.0
2020-11-04 04:26:22+00:00,0.422,0.559,1531248,2028359,2031.0,-934.0
2020-11-04 04:26:48+00:00,0.423,0.558,1583611,2089019,52363.0,60660.0
2020-11-04 04:26:59+00:00,0.423,0.558,1585422,2091407,1811.0,2388.0
2020-11-04 04:27:31+00:00,0.424,0.558,1590362,2092976,4940.0,1569.0
2020-11-04 04:28:37+00:00,0.424,0.557,1592842,2092484,2480.0,-492.0
2020-11-04 04:31:14+00:00,0.424,0.557,1596477,2097259,3635.0,4775.0
2020-11-04 04:33:14+00:00,0.424,0.558,1608611,2116993,12134.0,19734.0
2020-11-04 04:34:57+00:00,0.421,0.56,1612363,2144710,3752.0,27717.0
2020-11-04 04:35:00+00:00,0.421,0.56,1613254,2145896,891.0,1186.0
2020-11-04 04:37:09+00:00,0.422,0.56,1618238,2147425,4984.0,1529.0
2020-11-04 04:37:57+00:00,0.421,0.561,1631408,2173919,13170.0,26494.0
2020-11-04 04:38:11+00:00,0.422,0.559,1648362,2183493,16954.0,9574.0
2020-11-04 04:48:28+00:00,0.422,0.559,1650011,2185678,1649.0,2185.0
2020-11-04 04:49:53+00:00,0.423,0.558,1658623,2187970,8612.0,2292.0
2020-11-04 04:55:16+00:00,0.422,0.559,1659026,2197620,403.0,9650.0
2020-11-04 05:07:09+00:00,0.422,0.559,1659604,2198386,578.0,766.0
2020-11-04 05:08:00+00:00,0.422,0.559,1669838,2211941,10234.0,13555.0
2020-11-04 05:08:29+00:00,0.423,0.559,1675403,2214067,5565.0,2126.0
2020-11-04 05:10:43+00:00,0.423,0.558,1677445,2212799,2042.0,-1268.0
2020-11-04 05:24:01+00:00,0.424,0.557,1686916,2216066,9471.0,3267.0
2020-11-04 05:29:46+00:00,0.424,0.557,1689121,2218963,2205.0,2897.0
2020-11-04 05:30:05+00:00,0.424,0.557,1689640,2219645,519.0,682.0
2020-11-04 05:30:30+00:00,0.424,0.557,1690115,2220269,475.0,624.0
2020-11-04 05:31:42+00:00,0.424,0.557,1690296,2220507,181.0,238.0
2020-11-04 05:51:19+00:00,0.425,0.557,1696994,2224060,6698.0,3553.0
2020-11-04 05:51:56+00:00,0.423,0.559,1702697,2250137,5703.0,26077.0
2020-11-04 06:03:32+00:00,0.423,0.558,1705788,2250188,3091.0,51.0
2020-11-04 06:06:46+00:00,0.423,0.558,1706047,2250530,259.0,342.0
2020-11-04 06:06:49+00:00,0.423,0.559,1712572,2263186,6525.0,12656.0
2020-11-04 06:14:49+00:00,0.423,0.559,1714229,2265376,1657.0,2190.0
2020-11-04 06:15:30+00:00,0.422,0.559,1735831,2299359,21602.0,33983.0
2020-11-04 06:19:08+00:00,0.422,0.559,1736514,2300264,683.0,905.0
2020-11-04 06:20:05+00:00,0.423,0.559,1744978,2306011,8464.0,5747.0
2020-11-04 06:20:31+00:00,0.424,0.558,1755543,2310360,10565.0,4349.0
2020-11-04 06:20:42+00:00,0.424,0.557,1758790,2310486,3247.0,126.0
2020-11-04 06:20:48+00:00,0.425,0.556,1770110,2315720,11320.0,5234.0
2020-11-04 06:28:01+00:00,0.425,0.556,1770291,2315957,181.0,237.0
2020-11-04 06:34:43+00:00,0.422,0.559,1783094,2361966,12803.0,46009.0
2020-11-04 06:46:35+00:00,0.422,0.559,1783405,2362378,311.0,412.0
2020-11-04 07:07:08+00:00,0.422,0.559,1784516,2363849,1111.0,1471.0
2020-11-04 07:26:17+00:00,0.423,0.559,1839994,2431576,55478.0,67727.0
2020-11-04 08:32:26+00:00,0.423,0.558,1892103,2495966,52109.0,64390.0
2020-11-04 08:33:23+00:00,0.423,0.559,1900820,2511959,8717.0,15993.0
2020-11-04 08:34:01+00:00,0.423,0.559,1901724,2513153,904.0,1194.0
2020-11-04 21:23:44+00:00,0.423,0.558,1973223,2602975,71499.0,89822.0
2020-11-05 00:14:06+00:00,0.424,0.557,2003890,2632469,30667.0,29494.0
2020-11-05 00:15:18+00:00,0.424,0.557,2020999,2654944,17109.0,22475.0
2020-11-05 00:45:26+00:00,0.424,0.557,2047898,2690281,26899.0,35337.0
2020-11-05 00:45:36+00:00,0.425,0.556,2059200,2693918,11302.0,3637.0
2020-11-05 00:46:01+00:00,0.426,0.555,2070391,2697341,11191.0,3423.0
2020-11-05 00:46:31+00:00,0.427,0.554,2085943,2706353,15552.0,9012.0
2020-11-05 00:46:51+00:00,0.428,0.553,2106352,2721525,20409.0,15172.0
2020-11-05 00:48:11+00:00,0.428,0.553,2113350,2730567,6998.0,9042.0
2020-11-05 00:48:39+00:00,0.429,0.552,2123641,2732516,10291.0,1949.0
2020-11-05 16:14:18+00:00,0.428,0.552,2171450,2800562,47809.0,68046.0
2020-11-05 16:33:41+00:00,0.429,0.552,2179030,2803787,7580.0,3225.0
2020-11-05 16:43:58+00:00,0.429,0.552,2180266,2805378,1236.0,1591.0
2020-11-05 16:54:21+00:00,0.428,0.553,2178100,2814228,-2166.0,8850.0
2020-11-05 17:12:57+00:00,0.428,0.553,2186276,2824791,8176.0,10563.0
2020-11-05 17:33:28+00:00,0.428,0.552,2190810,2825531,4534.0,740.0
2020-11-05 17:54:53+00:00,0.428,0.552,2192261,2827403,1451.0,1872.0
2020-11-05 18:04:18+00:00,0.429,0.552,2200105,2830904,7844.0,3501.0
2020-11-05 18:11:20+00:00,0.429,0.551,2202499,2828851,2394.0,-2053.0
2020-11-05 18:27:13+00:00,0.43,0.551,2211394,2833670,8895.0,4819.0
2020-11-05 18:27:59+00:00,0.43,0.551,2212240,2834754,846.0,1084.0
2020-11-05 18:50:49+00:00,0.43,0.551,2214746,2837965,2506.0,3211.0
2020-11-05 19:06:01+00:00,0.43,0.551,2215176,2838516,430.0,551.0
2020-11-05 19:13:49+00:00,0.429,0.552,2218765,2854915,3589.0,16399.0
2020-11-05 19:36:01+00:00,0.429,0.551,2221150,2852805,2385.0,-2110.0
2020-11-05 21:42:40+00:00,0.428,0.553,2228263,2879041,7113.0,26236.0
2020-11-05 22:00:26+00:00,0.429,0.552,2255262,2901876,26999.0,22835.0
2020-11-05 22:15:29+00:00,0.429,0.552,2257005,2904118,1743.0,2242.0
2020-11-06 01:36:38+00:00,0.431,0.55,2296528,2930605,39523.0,26487.0
2020-11-06 02:15:48+00:00,0.431,0.549,2299851,2929508,3323.0,-1097.0
2020-11-06 03:14:39+00:00,0.43,0.551,2307555,2956891,7704.0,27383.0
2020-11-06 14:57:51+00:00,0.43,0.551,2307558,2956895,3.0,4.0
2020-11-06 17:16:58+00:00,0.43,0.551,2308262,2957796,704.0,901.0
2020-11-06 17:50:17+00:00,0.43,0.55,2311486,2956552,3224.0,-1244.0
2020-11-06 19:44:39+00:00,0.43,0.55,2311916,2957102,430.0,550.0
2020-11-06 22:35:56+00:00,0.43,0.55,2312385,2957701,469.0,599.0
2020-11-07 02:16:55+00:00,0.43,0.55,2314193,2960014,1808.0,2313.0
2020-11-07 03:24:43+00:00,0.427,0.553,2328191,3015198,13998.0,55184.0
2020-11-07 03:26:11+00:00,0.427,0.553,2328866,3016072,675.0,874.0
