timestamp,republican__percent,democrat__percent,republican__count,democrat__count,republican__delta,democrat__delta
2020-11-04 01:33:44+00:00,0.572,0.374,23312,15243,,
2020-11-04 01:34:50+00:00,0.399,0.549,97719,134456,74407.0,119213.0
2020-11-04 01:40:21+00:00,0.399,0.549,97761,134513,42.0,57.0
2020-11-04 01:41:43+00:00,0.401,0.553,167089,230425,69328.0,95912.0
2020-11-04 01:44:18+00:00,0.403,0.55,170943,233297,3854.0,2872.0
2020-11-04 01:45:27+00:00,0.413,0.543,201569,265017,30626.0,31720.0
2020-11-04 01:47:11+00:00,0.423,0.531,216650,271964,15081.0,6947.0
2020-11-04 01:51:12+00:00,0.426,0.528,222698,276020,6048.0,4056.0
2020-11-04 01:58:12+00:00,0.426,0.528,222807,276155,109.0,135.0
2020-11-04 02:00:20+00:00,0.406,0.545,227160,304932,4353.0,28777.0
2020-11-04 02:00:51+00:00,0.405,0.546,238375,321365,11215.0,16433.0
2020-11-04 02:02:50+00:00,0.405,0.546,238887,322055,512.0,690.0
2020-11-04 02:04:10+00:00,0.405,0.546,239335,322659,448.0,604.0
2020-11-04 02:05:07+00:00,0.406,0.545,242211,325136,2876.0,2477.0
2020-11-04 02:07:40+00:00,0.406,0.546,282711,380198,40500.0,55062.0
2020-11-04 02:08:25+00:00,0.407,0.546,283820,380751,1109.0,553.0
2020-11-04 02:08:38+00:00,0.407,0.546,283906,380866,86.0,115.0
2020-11-04 02:10:51+00:00,0.407,0.545,284223,380594,317.0,-272.0
2020-11-04 02:11:48+00:00,0.408,0.545,285350,381166,1127.0,572.0
2020-11-04 02:12:43+00:00,0.407,0.547,311228,418285,25878.0,37119.0
2020-11-04 02:13:09+00:00,0.408,0.546,312843,418658,1615.0,373.0
2020-11-04 02:14:43+00:00,0.409,0.545,314097,418540,1254.0,-118.0
2020-11-04 02:14:54+00:00,0.386,0.562,321669,468337,7572.0,49797.0
2020-11-04 02:15:47+00:00,0.387,0.561,323587,469076,1918.0,739.0
2020-11-04 02:16:53+00:00,0.387,0.561,323878,469497,291.0,421.0
2020-11-04 02:17:18+00:00,0.388,0.56,325289,469489,1411.0,-8.0
2020-11-04 02:18:14+00:00,0.389,0.559,327417,470505,2128.0,1016.0
2020-11-04 02:18:47+00:00,0.39,0.559,329326,472034,1909.0,1529.0
2020-11-04 02:19:43+00:00,0.392,0.555,338426,479149,9100.0,7115.0
2020-11-04 02:19:54+00:00,0.394,0.554,342429,481487,4003.0,2338.0
2020-11-04 02:22:31+00:00,0.395,0.552,344938,482040,2509.0,553.0
2020-11-04 02:23:42+00:00,0.396,0.552,346442,482919,1504.0,879.0
2020-11-04 02:27:50+00:00,0.397,0.551,348871,484201,2429.0,1282.0
2020-11-04 02:29:33+00:00,0.397,0.55,349098,483636,227.0,-565.0
2020-11-04 02:30:01+00:00,0.398,0.55,352392,486974,3294.0,3338.0
2020-11-04 02:30:40+00:00,0.399,0.549,353951,487015,1559.0,41.0
2020-11-04 02:31:57+00:00,0.399,0.549,354575,487874,624.0,859.0
2020-11-04 02:32:21+00:00,0.401,0.547,362572,494580,7997.0,6706.0
2020-11-04 02:33:20+00:00,0.401,0.547,363089,495286,517.0,706.0
2020-11-04 02:33:59+00:00,0.403,0.545,366763,495995,3674.0,709.0
2020-11-04 02:36:22+00:00,0.403,0.545,367586,497107,823.0,1112.0
2020-11-04 02:37:14+00:00,0.404,0.544,368794,496594,1208.0,-513.0
2020-11-04 02:37:49+00:00,0.406,0.542,373098,498076,4304.0,1482.0
2020-11-04 02:38:34+00:00,0.406,0.542,373205,498220,107.0,144.0
2020-11-04 02:39:01+00:00,0.407,0.541,375064,498549,1859.0,329.0
2020-11-04 02:39:16+00:00,0.411,0.538,383523,502033,8459.0,3484.0
2020-11-04 02:40:25+00:00,0.41,0.539,400768,526864,17245.0,24831.0
2020-11-04 02:40:50+00:00,0.41,0.539,401651,528024,883.0,1160.0
2020-11-04 02:41:27+00:00,0.415,0.534,416475,535898,14824.0,7874.0
2020-11-04 02:41:41+00:00,0.416,0.534,418436,537127,1961.0,1229.0
2020-11-04 02:42:18+00:00,0.417,0.533,422919,540566,4483.0,3439.0
2020-11-04 02:44:00+00:00,0.418,0.532,424823,540683,1904.0,117.0
2020-11-04 02:44:33+00:00,0.421,0.529,434055,545404,9232.0,4721.0
2020-11-04 02:46:12+00:00,0.422,0.528,436410,546030,2355.0,626.0
2020-11-04 02:46:59+00:00,0.424,0.526,441326,547494,4916.0,1464.0
2020-11-04 02:47:21+00:00,0.414,0.533,447545,576187,6219.0,28693.0
2020-11-04 02:48:13+00:00,0.415,0.532,449783,576589,2238.0,402.0
2020-11-04 02:49:41+00:00,0.416,0.531,452191,577196,2408.0,607.0
2020-11-04 02:49:51+00:00,0.413,0.533,452134,583504,-57.0,6308.0
2020-11-04 02:50:11+00:00,0.416,0.531,470765,600905,18631.0,17401.0
2020-11-04 02:54:19+00:00,0.417,0.529,473522,600703,2757.0,-202.0
2020-11-04 02:54:53+00:00,0.417,0.529,474411,601831,889.0,1128.0
2020-11-04 02:55:16+00:00,0.418,0.528,476032,601304,1621.0,-527.0
2020-11-04 02:55:37+00:00,0.418,0.53,500479,634578,24447.0,33274.0
2020-11-04 02:56:18+00:00,0.418,0.529,501788,635038,1309.0,460.0
2020-11-04 02:56:35+00:00,0.418,0.529,502229,635596,441.0,558.0
2020-11-04 02:57:52+00:00,0.422,0.525,515489,641308,13260.0,5712.0
2020-11-04 02:58:22+00:00,0.423,0.524,519180,643145,3691.0,1837.0
2020-11-04 02:58:31+00:00,0.424,0.524,522315,645503,3135.0,2358.0
2020-11-04 02:58:56+00:00,0.372,0.561,555771,838139,33456.0,192636.0
2020-11-04 02:59:47+00:00,0.373,0.561,558525,840034,2754.0,1895.0
2020-11-04 03:00:27+00:00,0.373,0.56,559264,839646,739.0,-388.0
2020-11-04 03:00:44+00:00,0.374,0.559,562231,840340,2967.0,694.0
2020-11-04 03:02:37+00:00,0.383,0.55,608013,873126,45782.0,32786.0
2020-11-04 03:03:58+00:00,0.383,0.55,608988,874526,975.0,1400.0
2020-11-04 03:04:46+00:00,0.386,0.547,619059,877268,10071.0,2742.0
2020-11-04 03:05:53+00:00,0.387,0.546,625932,883098,6873.0,5830.0
2020-11-04 03:06:35+00:00,0.389,0.544,631857,883626,5925.0,528.0
2020-11-04 03:07:52+00:00,0.391,0.542,643318,891760,11461.0,8134.0
2020-11-04 03:08:19+00:00,0.392,0.541,647156,893141,3838.0,1381.0
2020-11-04 03:09:27+00:00,0.393,0.541,650040,894838,2884.0,1697.0
2020-11-04 03:09:47+00:00,0.393,0.541,651208,896447,1168.0,1609.0
2020-11-04 03:10:10+00:00,0.394,0.54,653277,895354,2069.0,-1093.0
2020-11-04 03:11:08+00:00,0.395,0.539,658009,897891,4732.0,2537.0
2020-11-04 03:11:11+00:00,0.395,0.539,658170,898110,161.0,219.0
2020-11-04 03:11:29+00:00,0.396,0.538,662372,899889,4202.0,1779.0
2020-11-04 03:12:31+00:00,0.397,0.538,665583,901974,3211.0,2085.0
2020-11-04 03:13:26+00:00,0.398,0.536,669758,901986,4175.0,12.0
2020-11-04 03:13:33+00:00,0.399,0.536,673858,905233,4100.0,3247.0
2020-11-04 03:14:05+00:00,0.401,0.534,681479,907506,7621.0,2273.0
2020-11-04 03:15:36+00:00,0.37,0.56,715521,1082950,34042.0,175444.0
2020-11-04 03:17:22+00:00,0.371,0.559,719324,1083833,3803.0,883.0
2020-11-04 03:20:48+00:00,0.371,0.559,719651,1084326,327.0,493.0
2020-11-04 03:21:15+00:00,0.371,0.559,721369,1086915,1718.0,2589.0
2020-11-04 03:21:34+00:00,0.373,0.557,745610,1113417,24241.0,26502.0
2020-11-04 03:23:32+00:00,0.359,0.57,773697,1228433,28087.0,115016.0
2020-11-04 03:27:02+00:00,0.36,0.569,779697,1232355,6000.0,3922.0
2020-11-04 03:27:46+00:00,0.36,0.569,779883,1232649,186.0,294.0
2020-11-04 03:29:40+00:00,0.36,0.569,779966,1232779,83.0,130.0
2020-11-04 03:31:28+00:00,0.361,0.568,783475,1232725,3509.0,-54.0
2020-11-04 03:34:37+00:00,0.363,0.567,791124,1235722,7649.0,2997.0
2020-11-04 03:36:09+00:00,0.363,0.567,791420,1236185,296.0,463.0
2020-11-04 03:36:37+00:00,0.363,0.566,792593,1235833,1173.0,-352.0
2020-11-04 03:36:57+00:00,0.364,0.566,796978,1239258,4385.0,3425.0
2020-11-04 03:37:09+00:00,0.365,0.565,802267,1241865,5289.0,2607.0
2020-11-04 03:37:41+00:00,0.366,0.564,806969,1243526,4702.0,1661.0
2020-11-04 03:37:51+00:00,0.367,0.563,811934,1245555,4965.0,2029.0
2020-11-04 03:38:34+00:00,0.367,0.563,813322,1247684,1388.0,2129.0
2020-11-04 03:38:52+00:00,0.369,0.562,820835,1250161,7513.0,2477.0
2020-11-04 03:39:41+00:00,0.369,0.561,822636,1250674,1801.0,513.0
2020-11-04 03:40:30+00:00,0.371,0.56,833414,1257984,10778.0,7310.0
2020-11-04 03:42:28+00:00,0.372,0.559,838049,1259326,4635.0,1342.0
2020-11-04 03:42:50+00:00,0.372,0.559,838319,1259733,270.0,407.0
2020-11-04 03:42:54+00:00,0.379,0.553,901121,1314828,62802.0,55095.0
2020-11-04 03:43:26+00:00,0.385,0.548,941471,1340067,40350.0,25239.0
2020-11-04 03:45:07+00:00,0.383,0.55,950542,1365008,9071.0,24941.0
2020-11-04 03:45:53+00:00,0.384,0.549,955976,1366748,5434.0,1740.0
2020-11-04 03:47:46+00:00,0.385,0.549,959567,1368318,3591.0,1570.0
2020-11-04 03:48:26+00:00,0.386,0.547,965918,1368801,6351.0,483.0
2020-11-04 03:48:56+00:00,0.388,0.546,975108,1372188,9190.0,3387.0
2020-11-04 03:50:58+00:00,0.388,0.546,975424,1372633,316.0,445.0
2020-11-04 03:51:16+00:00,0.389,0.545,980553,1373783,5129.0,1150.0
2020-11-04 03:51:26+00:00,0.389,0.545,981570,1375207,1017.0,1424.0
2020-11-04 03:51:43+00:00,0.391,0.543,1002295,1391934,20725.0,16727.0
2020-11-04 03:52:11+00:00,0.391,0.543,1004848,1395480,2553.0,3546.0
2020-11-04 03:52:28+00:00,0.392,0.542,1011741,1398887,6893.0,3407.0
2020-11-04 03:53:00+00:00,0.393,0.541,1016801,1399718,5060.0,831.0
2020-11-04 03:54:49+00:00,0.393,0.541,1019704,1403715,2903.0,3997.0
2020-11-04 03:55:26+00:00,0.394,0.541,1025394,1407964,5690.0,4249.0
2020-11-04 03:56:07+00:00,0.395,0.54,1030150,1408306,4756.0,342.0
2020-11-04 03:56:34+00:00,0.395,0.54,1030795,1409188,645.0,882.0
2020-11-04 03:57:08+00:00,0.396,0.538,1038258,1410562,7463.0,1374.0
2020-11-04 03:57:58+00:00,0.396,0.538,1038506,1410900,248.0,338.0
2020-11-04 03:58:59+00:00,0.385,0.547,1305579,1854940,267073.0,444040.0
2020-11-04 04:00:18+00:00,0.385,0.547,1306523,1856281,944.0,1341.0
2020-11-04 04:00:57+00:00,0.386,0.546,1316878,1862734,10355.0,6453.0
2020-11-04 04:01:23+00:00,0.389,0.543,1339993,1870479,23115.0,7745.0
2020-11-04 04:01:39+00:00,0.389,0.543,1341419,1872469,1426.0,1990.0
2020-11-04 04:02:30+00:00,0.388,0.544,1342685,1882528,1266.0,10059.0
2020-11-04 04:03:21+00:00,0.389,0.543,1348649,1882561,5964.0,33.0
2020-11-04 04:04:25+00:00,0.389,0.543,1352712,1888233,4063.0,5672.0
2020-11-04 04:10:32+00:00,0.39,0.542,1357341,1886356,4629.0,-1877.0
2020-11-04 04:12:38+00:00,0.39,0.542,1359390,1889204,2049.0,2848.0
2020-11-04 04:13:51+00:00,0.391,0.541,1371166,1897189,11776.0,7985.0
2020-11-04 04:16:50+00:00,0.391,0.541,1371806,1898074,640.0,885.0
2020-11-04 04:18:36+00:00,0.392,0.54,1388554,1912804,16748.0,14730.0
2020-11-04 04:19:43+00:00,0.392,0.54,1389787,1914502,1233.0,1698.0
2020-11-04 04:20:07+00:00,0.393,0.539,1396986,1915969,7199.0,1467.0
2020-11-04 04:24:09+00:00,0.394,0.538,1404764,1918180,7778.0,2211.0
2020-11-04 04:28:17+00:00,0.394,0.538,1407549,1921983,2785.0,3803.0
2020-11-04 04:28:35+00:00,0.395,0.537,1412097,1919737,4548.0,-2246.0
2020-11-04 04:28:48+00:00,0.395,0.537,1415238,1924007,3141.0,4270.0
2020-11-04 04:33:14+00:00,0.394,0.538,1422734,1942718,7496.0,18711.0
2020-11-04 04:34:57+00:00,0.391,0.54,1425807,1969146,3073.0,26428.0
2020-11-04 04:36:08+00:00,0.392,0.54,1430272,1970272,4465.0,1126.0
2020-11-04 04:38:36+00:00,0.392,0.539,1431318,1968063,1046.0,-2209.0
2020-11-04 04:39:24+00:00,0.392,0.539,1433228,1970689,1910.0,2626.0
2020-11-04 04:55:16+00:00,0.391,0.54,1433539,1979824,311.0,9135.0
2020-11-04 05:00:54+00:00,0.391,0.54,1437250,1984949,3711.0,5125.0
2020-11-04 05:02:21+00:00,0.392,0.539,1446423,1988831,9173.0,3882.0
2020-11-04 05:07:56+00:00,0.391,0.54,1445618,1996505,-805.0,7674.0
2020-11-04 05:11:11+00:00,0.391,0.54,1446155,1997247,537.0,742.0
2020-11-04 05:11:21+00:00,0.391,0.54,1447630,1999284,1475.0,2037.0
2020-11-04 05:11:31+00:00,0.392,0.539,1454845,2000412,7215.0,1128.0
2020-11-04 05:11:47+00:00,0.392,0.539,1455775,2001690,930.0,1278.0
2020-11-04 05:30:11+00:00,0.392,0.539,1456277,2002381,502.0,691.0
2020-11-04 05:31:16+00:00,0.393,0.538,1470196,2012635,13919.0,10254.0
2020-11-04 05:31:59+00:00,0.393,0.538,1470796,2013456,600.0,821.0
2020-11-04 05:32:31+00:00,0.395,0.537,1523430,2071094,52634.0,57638.0
2020-11-04 05:32:44+00:00,0.395,0.537,1525310,2073650,1880.0,2556.0
2020-11-04 05:32:51+00:00,0.395,0.537,1541260,2095333,15950.0,21683.0
2020-11-04 05:35:08+00:00,0.395,0.537,1545588,2101217,4328.0,5884.0
2020-11-04 05:51:56+00:00,0.394,0.538,1556618,2125534,11030.0,24317.0
2020-11-04 05:55:30+00:00,0.394,0.537,1560587,2126993,3969.0,1459.0
2020-11-04 05:55:41+00:00,0.394,0.537,1561591,2128362,1004.0,1369.0
2020-11-04 05:59:57+00:00,0.395,0.537,1568789,2132758,7198.0,4396.0
2020-11-04 06:04:31+00:00,0.395,0.537,1571626,2136616,2837.0,3858.0
2020-11-04 06:06:49+00:00,0.394,0.537,1573622,2144759,1996.0,8143.0
2020-11-04 06:08:00+00:00,0.395,0.537,1577849,2145075,4227.0,316.0
2020-11-04 06:14:49+00:00,0.394,0.537,1575382,2147157,-2467.0,2082.0
2020-11-04 06:19:14+00:00,0.394,0.537,1576894,2149218,1512.0,2061.0
2020-11-04 06:19:26+00:00,0.395,0.537,1583710,2153044,6816.0,3826.0
2020-11-04 06:19:38+00:00,0.396,0.536,1594290,2157928,10580.0,4884.0
2020-11-04 06:20:57+00:00,0.397,0.535,1602160,2159082,7870.0,1154.0
2020-11-04 06:21:20+00:00,0.397,0.535,1602818,2159969,658.0,887.0
2020-11-04 06:21:38+00:00,0.398,0.534,1612921,2164070,10103.0,4101.0
2020-11-04 06:21:45+00:00,0.399,0.533,1621350,2165863,8429.0,1793.0
2020-11-04 06:28:07+00:00,0.399,0.533,1621516,2166085,166.0,222.0
2020-11-04 06:30:14+00:00,0.399,0.533,1623927,2169306,2411.0,3221.0
2020-11-04 06:35:02+00:00,0.397,0.536,1639585,2213647,15658.0,44341.0
2020-11-04 06:46:47+00:00,0.397,0.536,1639870,2214031,285.0,384.0
2020-11-04 07:07:36+00:00,0.397,0.536,1640892,2215411,1022.0,1380.0
2020-11-04 08:32:45+00:00,0.399,0.535,1698021,2276795,57129.0,61384.0
2020-11-04 08:33:38+00:00,0.398,0.536,1725930,2324368,27909.0,47573.0
2020-11-04 21:25:29+00:00,0.399,0.535,1797556,2410256,71626.0,85888.0
2020-11-05 00:14:29+00:00,0.4,0.534,1826282,2438086,28726.0,27830.0
2020-11-05 00:45:53+00:00,0.4,0.535,1848451,2472303,22169.0,34217.0
2020-11-05 00:46:28+00:00,0.401,0.534,1867404,2486768,18953.0,14465.0
2020-11-05 00:47:51+00:00,0.402,0.533,1882434,2495864,15030.0,9096.0
2020-11-05 00:48:56+00:00,0.402,0.533,1888913,2504455,6479.0,8591.0
2020-11-05 00:49:33+00:00,0.404,0.532,1909671,2514715,20758.0,10260.0
2020-11-05 00:49:45+00:00,0.404,0.531,1915752,2517981,6081.0,3266.0
2020-11-05 00:50:40+00:00,0.404,0.532,1918155,2525888,2403.0,7907.0
2020-11-05 00:51:11+00:00,0.405,0.531,1928842,2528927,10687.0,3039.0
2020-11-05 16:14:18+00:00,0.407,0.53,2045539,2663724,116697.0,134797.0
2020-11-05 16:34:50+00:00,0.408,0.53,2052920,2666784,7381.0,3060.0
2020-11-05 16:44:09+00:00,0.408,0.53,2054072,2668280,1152.0,1496.0
2020-11-05 16:45:12+00:00,0.406,0.531,2055259,2688036,1187.0,19756.0
2020-11-05 17:14:08+00:00,0.406,0.531,2063116,2698312,7857.0,10276.0
2020-11-05 17:34:42+00:00,0.406,0.531,2067172,2703616,4056.0,5304.0
2020-11-05 17:55:41+00:00,0.407,0.531,2073597,2705357,6425.0,1741.0
2020-11-05 18:05:33+00:00,0.407,0.53,2076117,2703543,2520.0,-1814.0
2020-11-05 18:12:08+00:00,0.407,0.53,2078334,2706430,2217.0,2887.0
2020-11-05 18:28:56+00:00,0.407,0.53,2079127,2707463,793.0,1033.0
2020-11-05 18:29:24+00:00,0.408,0.53,2087758,2712039,8631.0,4576.0
2020-11-05 18:52:19+00:00,0.408,0.529,2090078,2709929,2320.0,-2110.0
2020-11-05 19:10:09+00:00,0.408,0.529,2090079,2709931,1.0,2.0
2020-11-05 19:13:49+00:00,0.407,0.53,2093132,2725700,3053.0,15769.0
2020-11-05 21:42:40+00:00,0.406,0.531,2099613,2746046,6481.0,20346.0
2020-11-05 22:00:26+00:00,0.407,0.531,2125251,2772747,25638.0,26701.0
2020-11-05 22:15:32+00:00,0.407,0.531,2126888,2774884,1637.0,2137.0
2020-11-06 01:24:11+00:00,0.409,0.529,2164628,2799727,37740.0,24843.0
2020-11-06 02:15:57+00:00,0.409,0.529,2167756,2803772,3128.0,4045.0
2020-11-06 03:14:39+00:00,0.408,0.53,2174754,2825048,6998.0,21276.0
2020-11-06 16:45:47+00:00,0.408,0.53,2175416,2825908,662.0,860.0
2020-11-06 17:51:23+00:00,0.408,0.53,2178432,2829825,3016.0,3917.0
2020-11-06 19:45:29+00:00,0.408,0.53,2178436,2829831,4.0,6.0
2020-11-06 22:09:47+00:00,0.408,0.53,2178873,2830399,437.0,568.0
2020-11-07 02:13:59+00:00,0.408,0.53,2179507,2831223,634.0,824.0
2020-11-07 02:17:22+00:00,0.408,0.53,2181200,2833421,1693.0,2198.0
2020-11-07 03:24:44+00:00,0.406,0.532,2194375,2875388,13175.0,41967.0
2020-11-07 03:25:13+00:00,0.406,0.532,2198972,2881411,4597.0,6023.0
