timestamp,democrat__percent,republican__percent,democrat__count,republican__count,democrat__delta,republican__delta
2020-11-04 01:36:35+00:00,0.195,0.779,81,324,,
2020-11-04 01:52:11+00:00,0.203,0.774,150,571,69.0,247.0
2020-11-04 01:55:15+00:00,0.18,0.792,241,1060,91.0,489.0
2020-11-04 02:01:01+00:00,0.367,0.604,11072,18222,10831.0,17162.0
2020-11-04 02:05:06+00:00,0.367,0.604,11308,18611,236.0,389.0
2020-11-04 02:08:03+00:00,0.373,0.598,12006,19249,698.0,638.0
2020-11-04 02:08:50+00:00,0.39,0.582,13980,20862,1974.0,1613.0
2020-11-04 02:09:59+00:00,0.387,0.585,14155,21396,175.0,534.0
2020-11-04 02:14:33+00:00,0.388,0.584,14745,22193,590.0,797.0
2020-11-04 02:14:48+00:00,0.397,0.576,15745,22844,1000.0,651.0
2020-11-04 02:17:56+00:00,0.401,0.572,16303,23255,558.0,411.0
2020-11-04 02:20:13+00:00,0.419,0.556,20517,27226,4214.0,3971.0
2020-11-04 02:22:04+00:00,0.413,0.563,21667,29536,1150.0,2310.0
2020-11-04 02:22:18+00:00,0.413,0.563,22007,30000,340.0,464.0
2020-11-04 02:25:55+00:00,0.432,0.545,24665,31117,2658.0,1117.0
2020-11-04 02:26:04+00:00,0.431,0.546,25292,32041,627.0,924.0
2020-11-04 02:27:21+00:00,0.452,0.526,28983,33728,3691.0,1687.0
2020-11-04 02:29:05+00:00,0.454,0.524,29447,33987,464.0,259.0
2020-11-04 02:30:12+00:00,0.454,0.524,29795,34389,348.0,402.0
2020-11-04 02:30:37+00:00,0.461,0.517,30943,34702,1148.0,313.0
2020-11-04 02:31:39+00:00,0.464,0.515,32837,36447,1894.0,1745.0
2020-11-04 02:32:10+00:00,0.469,0.51,35154,38228,2317.0,1781.0
2020-11-04 02:33:33+00:00,0.472,0.507,36352,39047,1198.0,819.0
2020-11-04 02:35:30+00:00,0.454,0.524,37194,42929,842.0,3882.0
2020-11-04 02:36:19+00:00,0.448,0.53,37423,44273,229.0,1344.0
2020-11-04 02:36:32+00:00,0.446,0.532,38178,45540,755.0,1267.0
2020-11-04 02:36:57+00:00,0.421,0.557,40081,53029,1903.0,7489.0
2020-11-04 02:44:36+00:00,0.428,0.55,43964,56495,3883.0,3466.0
2020-11-04 02:47:20+00:00,0.428,0.55,44527,57220,563.0,725.0
2020-11-04 02:47:39+00:00,0.425,0.553,47402,61678,2875.0,4458.0
2020-11-04 02:49:17+00:00,0.431,0.548,48974,62268,1572.0,590.0
2020-11-04 02:49:31+00:00,0.434,0.545,51722,64951,2748.0,2683.0
2020-11-04 02:49:42+00:00,0.43,0.548,52008,66280,286.0,1329.0
2020-11-04 02:49:59+00:00,0.417,0.562,56750,76484,4742.0,10204.0
2020-11-04 02:50:07+00:00,0.422,0.556,60162,79265,3412.0,2781.0
2020-11-04 02:51:03+00:00,0.424,0.554,61001,79704,839.0,439.0
2020-11-04 02:51:12+00:00,0.43,0.549,63784,81435,2783.0,1731.0
2020-11-04 02:52:00+00:00,0.425,0.554,64271,83780,487.0,2345.0
2020-11-04 02:52:14+00:00,0.437,0.543,68551,85179,4280.0,1399.0
2020-11-04 02:56:28+00:00,0.436,0.544,70350,87776,1799.0,2597.0
2020-11-04 02:57:07+00:00,0.441,0.539,75126,91821,4776.0,4045.0
2020-11-04 02:57:57+00:00,0.441,0.54,76617,93816,1491.0,1995.0
2020-11-04 02:59:37+00:00,0.445,0.536,80027,96392,3410.0,2576.0
2020-11-04 02:59:51+00:00,0.449,0.532,82336,97557,2309.0,1165.0
2020-11-04 03:01:04+00:00,0.445,0.535,83392,100257,1056.0,2700.0
2020-11-04 03:03:29+00:00,0.438,0.543,86174,106832,2782.0,6575.0
2020-11-04 03:10:14+00:00,0.443,0.537,93526,113371,7352.0,6539.0
2020-11-04 03:11:12+00:00,0.442,0.538,94298,114779,772.0,1408.0
2020-11-04 03:14:28+00:00,0.437,0.543,95638,118837,1340.0,4058.0
2020-11-04 03:15:54+00:00,0.438,0.543,96508,119643,870.0,806.0
2020-11-04 03:16:51+00:00,0.431,0.549,97809,124588,1301.0,4945.0
2020-11-04 03:17:08+00:00,0.434,0.547,102245,128867,4436.0,4279.0
2020-11-04 03:17:41+00:00,0.443,0.538,107990,131148,5745.0,2281.0
2020-11-04 03:19:03+00:00,0.444,0.537,108683,131448,693.0,300.0
2020-11-04 03:20:10+00:00,0.446,0.535,112316,134729,3633.0,3281.0
2020-11-04 03:21:11+00:00,0.448,0.534,113302,135052,986.0,323.0
2020-11-04 03:22:21+00:00,0.444,0.537,113600,137394,298.0,2342.0
2020-11-04 03:23:33+00:00,0.445,0.536,115544,139172,1944.0,1778.0
2020-11-04 03:26:40+00:00,0.45,0.531,120491,142179,4947.0,3007.0
2020-11-04 03:27:58+00:00,0.449,0.532,121700,144197,1209.0,2018.0
2020-11-04 03:28:18+00:00,0.447,0.535,124803,149373,3103.0,5176.0
2020-11-04 03:29:48+00:00,0.433,0.548,129370,163730,4567.0,14357.0
2020-11-04 03:32:41+00:00,0.435,0.547,131958,165934,2588.0,2204.0
2020-11-04 03:34:15+00:00,0.44,0.541,138861,170736,6903.0,4802.0
2020-11-04 03:35:13+00:00,0.436,0.546,139696,174941,835.0,4205.0
2020-11-04 03:35:35+00:00,0.439,0.542,142220,175588,2524.0,647.0
2020-11-04 03:39:30+00:00,0.439,0.542,143052,176616,832.0,1028.0
2020-11-04 03:40:25+00:00,0.438,0.544,145017,180112,1965.0,3496.0
2020-11-04 03:41:31+00:00,0.43,0.551,148285,190011,3268.0,9899.0
2020-11-04 03:43:32+00:00,0.428,0.554,150145,194347,1860.0,4336.0
2020-11-04 03:43:49+00:00,0.423,0.558,157735,208075,7590.0,13728.0
2020-11-04 03:47:35+00:00,0.419,0.562,161672,216849,3937.0,8774.0
2020-11-04 03:47:50+00:00,0.421,0.56,164525,218845,2853.0,1996.0
2020-11-04 03:50:08+00:00,0.42,0.561,167642,223921,3117.0,5076.0
2020-11-04 03:51:26+00:00,0.419,0.562,168099,225469,457.0,1548.0
2020-11-04 03:51:59+00:00,0.421,0.56,170668,227016,2569.0,1547.0
2020-11-04 03:52:40+00:00,0.418,0.563,173592,233809,2924.0,6793.0
2020-11-04 03:53:07+00:00,0.417,0.564,175786,237753,2194.0,3944.0
2020-11-04 03:53:17+00:00,0.412,0.569,178184,246084,2398.0,8331.0
2020-11-04 03:53:35+00:00,0.414,0.567,181138,248080,2954.0,1996.0
2020-11-04 03:55:22+00:00,0.416,0.565,186500,253300,5362.0,5220.0
2020-11-04 03:56:32+00:00,0.419,0.563,190873,256471,4373.0,3171.0
2020-11-04 03:58:57+00:00,0.417,0.564,191836,259461,963.0,2990.0
2020-11-04 04:00:14+00:00,0.418,0.563,192619,259436,783.0,-25.0
2020-11-04 04:02:33+00:00,0.414,0.567,193576,265114,957.0,5678.0
2020-11-04 04:03:17+00:00,0.416,0.565,195906,266075,2330.0,961.0
2020-11-04 04:04:22+00:00,0.415,0.566,197892,269897,1986.0,3822.0
2020-11-04 04:04:33+00:00,0.419,0.562,202424,271510,4532.0,1613.0
2020-11-04 04:05:37+00:00,0.416,0.565,205668,279333,3244.0,7823.0
2020-11-04 04:06:09+00:00,0.42,0.562,213631,285858,7963.0,6525.0
2020-11-04 04:06:28+00:00,0.42,0.561,215415,287733,1784.0,1875.0
2020-11-04 04:06:45+00:00,0.419,0.562,215852,289520,437.0,1787.0
2020-11-04 04:07:50+00:00,0.42,0.562,222823,298159,6971.0,8639.0
2020-11-04 04:08:31+00:00,0.419,0.563,224691,301912,1868.0,3753.0
2020-11-04 04:10:24+00:00,0.419,0.562,228092,305938,3401.0,4026.0
2020-11-04 04:11:48+00:00,0.419,0.563,233373,313577,5281.0,7639.0
2020-11-04 04:12:08+00:00,0.419,0.563,234123,314585,750.0,1008.0
2020-11-04 04:14:33+00:00,0.418,0.563,234529,315885,406.0,1300.0
2020-11-04 04:19:32+00:00,0.419,0.562,235951,316479,1422.0,594.0
2020-11-04 04:20:33+00:00,0.418,0.563,236244,318195,293.0,1716.0
2020-11-04 04:22:07+00:00,0.418,0.563,236674,318774,430.0,579.0
2020-11-04 04:22:30+00:00,0.418,0.563,236970,319173,296.0,399.0
2020-11-04 04:22:37+00:00,0.417,0.564,240589,325401,3619.0,6228.0
2020-11-04 04:25:02+00:00,0.418,0.563,242847,327088,2258.0,1687.0
2020-11-04 04:25:06+00:00,0.413,0.568,247045,339762,4198.0,12674.0
2020-11-04 04:26:27+00:00,0.413,0.568,247387,340233,342.0,471.0
2020-11-04 04:27:46+00:00,0.413,0.569,250324,344877,2937.0,4644.0
2020-11-04 04:29:24+00:00,0.41,0.571,251732,350583,1408.0,5706.0
2020-11-04 04:30:07+00:00,0.408,0.573,252728,354934,996.0,4351.0
2020-11-04 04:30:44+00:00,0.408,0.573,254717,357728,1989.0,2794.0
2020-11-04 04:40:14+00:00,0.409,0.572,256222,358335,1505.0,607.0
2020-11-04 04:40:51+00:00,0.409,0.572,256834,359190,612.0,855.0
2020-11-04 04:41:22+00:00,0.409,0.572,258778,361910,1944.0,2720.0
2020-11-04 04:43:06+00:00,0.411,0.571,261994,363986,3216.0,2076.0
2020-11-04 04:49:41+00:00,0.411,0.57,263282,365136,1288.0,1150.0
2020-11-04 04:51:33+00:00,0.412,0.569,265540,366728,2258.0,1592.0
2020-11-04 04:53:28+00:00,0.404,0.576,273318,389681,7778.0,22953.0
2020-11-04 04:53:51+00:00,0.405,0.576,277792,395082,4474.0,5401.0
2020-11-04 05:01:00+00:00,0.405,0.576,280369,398747,2577.0,3665.0
2020-11-04 05:05:15+00:00,0.405,0.576,281059,399728,690.0,981.0
2020-11-04 05:06:53+00:00,0.401,0.58,287922,416446,6863.0,16718.0
2020-11-04 05:09:11+00:00,0.401,0.58,288480,417253,558.0,807.0
2020-11-04 05:10:09+00:00,0.4,0.581,290224,421550,1744.0,4297.0
2020-11-04 05:12:02+00:00,0.399,0.581,298520,434687,8296.0,13137.0
2020-11-04 05:13:40+00:00,0.399,0.582,298892,435977,372.0,1290.0
2020-11-04 05:14:48+00:00,0.4,0.581,300503,436480,1611.0,503.0
2020-11-04 05:19:59+00:00,0.4,0.581,302458,439321,1955.0,2841.0
2020-11-04 05:33:34+00:00,0.399,0.582,303363,442499,905.0,3178.0
2020-11-04 05:36:27+00:00,0.4,0.581,304546,442352,1183.0,-147.0
2020-11-04 05:38:12+00:00,0.4,0.581,306774,445590,2228.0,3238.0
2020-11-04 05:39:49+00:00,0.403,0.578,311691,447040,4917.0,1450.0
2020-11-04 05:40:47+00:00,0.406,0.575,317839,450142,6148.0,3102.0
2020-11-04 05:50:07+00:00,0.406,0.574,319117,451166,1278.0,1024.0
2020-11-04 05:50:50+00:00,0.398,0.582,334027,488452,14910.0,37286.0
2020-11-04 05:54:39+00:00,0.398,0.583,337784,494794,3757.0,6342.0
2020-11-04 06:22:43+00:00,0.398,0.582,338370,494802,586.0,8.0
2020-11-04 06:31:53+00:00,0.398,0.583,338817,496308,447.0,1506.0
2020-11-04 06:43:24+00:00,0.398,0.583,339580,497424,763.0,1116.0
2020-11-04 06:55:26+00:00,0.398,0.583,340176,498298,596.0,874.0
2020-11-04 06:58:16+00:00,0.398,0.582,342998,501569,2822.0,3271.0
2020-11-04 06:59:45+00:00,0.398,0.582,343492,502292,494.0,723.0
2020-11-04 07:03:28+00:00,0.398,0.582,343834,502792,342.0,500.0
2020-11-04 07:56:20+00:00,0.398,0.582,344485,503745,651.0,953.0
2020-11-04 07:58:25+00:00,0.399,0.582,347937,507517,3452.0,3772.0
2020-11-04 08:41:54+00:00,0.399,0.581,348738,507811,801.0,294.0
2020-11-04 15:15:42+00:00,0.401,0.58,351890,508967,3152.0,1156.0
2020-11-04 16:40:33+00:00,0.397,0.583,372519,547049,20629.0,38082.0
2020-11-04 19:46:08+00:00,0.425,0.555,433548,566163,61029.0,19114.0
2020-11-05 21:24:14+00:00,0.425,0.556,439206,574585,5658.0,8422.0
2020-11-06 14:43:33+00:00,0.42,0.56,443819,591758,4613.0,17173.0
2020-11-06 14:49:44+00:00,0.421,0.56,446319,593679,2500.0,1921.0
2020-11-06 15:35:20+00:00,0.421,0.559,448344,595308,2025.0,1629.0
2020-11-06 17:24:31+00:00,0.42,0.56,449655,599540,1311.0,4232.0
2020-11-06 18:21:50+00:00,0.42,0.56,450067,600089,412.0,549.0
2020-11-06 18:27:01+00:00,0.42,0.56,450955,601273,888.0,1184.0
2020-11-06 18:32:57+00:00,0.422,0.559,460564,610084,9609.0,8811.0
2020-11-06 18:40:54+00:00,0.422,0.559,460767,610353,203.0,269.0
2020-11-06 18:41:32+00:00,0.421,0.56,464997,618524,4230.0,8171.0
2020-11-06 18:51:09+00:00,0.42,0.56,465754,621005,757.0,2481.0
2020-11-06 20:05:05+00:00,0.42,0.56,466283,621710,529.0,705.0
2020-11-06 20:05:30+00:00,0.42,0.56,468027,624036,1744.0,2326.0
2020-11-06 20:35:36+00:00,0.42,0.56,471734,628978,3707.0,4942.0
2020-11-06 22:29:56+00:00,0.422,0.558,482296,637728,10562.0,8750.0
2020-11-08 16:30:05+00:00,0.422,0.558,482296,637728,0.0,0.0
