timestamp,republican__percent,democrat__percent,republican__count,democrat__count,republican__delta,democrat__delta
2020-11-04 00:13:37+00:00,0.688,0.312,298,135,,
2020-11-04 00:15:05+00:00,0.606,0.394,498,324,200.0,189.0
2020-11-04 00:16:50+00:00,0.664,0.336,1543,781,1045.0,457.0
2020-11-04 00:18:44+00:00,0.635,0.365,1744,1002,201.0,221.0
2020-11-04 00:23:18+00:00,0.664,0.336,2272,1150,528.0,148.0
2020-11-04 00:24:33+00:00,0.672,0.328,2508,1224,236.0,74.0
2020-11-04 00:26:01+00:00,0.697,0.303,3675,1597,1167.0,373.0
2020-11-04 00:26:17+00:00,0.669,0.331,4078,2017,403.0,420.0
2020-11-04 00:27:21+00:00,0.695,0.305,5079,2229,1001.0,212.0
2020-11-04 00:29:22+00:00,0.693,0.307,5580,2472,501.0,243.0
2020-11-04 00:31:44+00:00,0.702,0.298,6061,2573,481.0,101.0
2020-11-04 00:32:27+00:00,0.693,0.307,7031,3115,970.0,542.0
2020-11-04 00:33:10+00:00,0.661,0.338,7595,3884,564.0,769.0
2020-11-04 00:34:12+00:00,0.658,0.341,7734,4008,139.0,124.0
2020-11-04 00:34:57+00:00,0.566,0.434,7750,5943,16.0,1935.0
2020-11-04 00:35:17+00:00,0.575,0.424,8312,6129,562.0,186.0
2020-11-04 00:35:49+00:00,0.566,0.433,8603,6582,291.0,453.0
2020-11-04 00:39:35+00:00,0.569,0.428,10808,8130,2205.0,1548.0
2020-11-04 00:39:57+00:00,0.581,0.416,11565,8280,757.0,150.0
2020-11-04 00:40:56+00:00,0.516,0.479,14552,13509,2987.0,5229.0
2020-11-04 00:42:33+00:00,0.517,0.479,14776,13690,224.0,181.0
2020-11-04 00:48:27+00:00,0.521,0.473,18581,16869,3805.0,3179.0
2020-11-04 00:52:23+00:00,0.521,0.473,18661,16942,80.0,73.0
2020-11-04 00:53:56+00:00,0.456,0.538,37000,43653,18339.0,26711.0
2020-11-04 00:58:31+00:00,0.456,0.537,37204,43813,204.0,160.0
2020-11-04 00:59:15+00:00,0.445,0.548,38451,47351,1247.0,3538.0
2020-11-04 00:59:56+00:00,0.445,0.549,40760,50286,2309.0,2935.0
2020-11-04 01:01:42+00:00,0.435,0.558,42802,54904,2042.0,4618.0
2020-11-04 01:01:51+00:00,0.436,0.557,43753,55896,951.0,992.0
2020-11-04 01:04:04+00:00,0.452,0.54,53292,63668,9539.0,7772.0
2020-11-04 01:09:11+00:00,0.454,0.538,54003,63995,711.0,327.0
2020-11-04 01:10:03+00:00,0.455,0.537,57125,67420,3122.0,3425.0
2020-11-04 01:10:46+00:00,0.44,0.552,59831,75061,2706.0,7641.0
2020-11-04 01:13:46+00:00,0.439,0.55,63192,79170,3361.0,4109.0
2020-11-04 01:13:58+00:00,0.451,0.539,74883,89494,11691.0,10324.0
2020-11-04 01:14:53+00:00,0.451,0.539,75489,90219,606.0,725.0
2020-11-04 01:15:04+00:00,0.453,0.537,81220,96281,5731.0,6062.0
2020-11-04 01:19:06+00:00,0.459,0.531,85324,98708,4104.0,2427.0
2020-11-04 01:20:59+00:00,0.465,0.525,90602,102292,5278.0,3584.0
2020-11-04 01:23:59+00:00,0.466,0.523,91800,103029,1198.0,737.0
2020-11-04 01:24:50+00:00,0.47,0.52,95173,105298,3373.0,2269.0
2020-11-04 01:26:47+00:00,0.471,0.519,101117,111422,5944.0,6124.0
2020-11-04 01:30:04+00:00,0.471,0.519,102100,112505,983.0,1083.0
2020-11-04 01:30:24+00:00,0.474,0.515,104284,113305,2184.0,800.0
2020-11-04 01:30:43+00:00,0.468,0.522,106576,118873,2292.0,5568.0
2020-11-04 01:32:29+00:00,0.472,0.517,109387,119816,2811.0,943.0
2020-11-04 01:33:49+00:00,0.471,0.518,109567,120501,180.0,685.0
2020-11-04 01:42:48+00:00,0.465,0.525,114158,128888,4591.0,8387.0
2020-11-04 01:44:02+00:00,0.503,0.485,187100,180404,72942.0,51516.0
2020-11-04 01:44:55+00:00,0.508,0.48,192067,181480,4967.0,1076.0
2020-11-04 01:47:57+00:00,0.51,0.478,196341,184022,4274.0,2542.0
2020-11-04 01:50:33+00:00,0.511,0.477,197169,184050,828.0,28.0
2020-11-04 01:52:47+00:00,0.507,0.481,196216,186154,-953.0,2104.0
2020-11-04 01:57:01+00:00,0.515,0.472,215302,197326,19086.0,11172.0
2020-11-04 01:57:10+00:00,0.516,0.472,225754,206503,10452.0,9177.0
2020-11-04 01:58:17+00:00,0.519,0.469,229784,207647,4030.0,1144.0
2020-11-04 01:59:32+00:00,0.519,0.469,232752,210329,2968.0,2682.0
2020-11-04 02:02:08+00:00,0.532,0.456,275628,236252,42876.0,25923.0
2020-11-04 02:03:55+00:00,0.535,0.452,281828,238105,6200.0,1853.0
2020-11-04 02:08:24+00:00,0.535,0.452,286788,242296,4960.0,4191.0
2020-11-04 02:10:05+00:00,0.544,0.443,305419,248714,18631.0,6418.0
2020-11-04 02:13:25+00:00,0.54,0.447,323886,268105,18467.0,19391.0
2020-11-04 02:13:38+00:00,0.542,0.445,328030,269324,4144.0,1219.0
2020-11-04 02:13:49+00:00,0.546,0.441,336125,271486,8095.0,2162.0
2020-11-04 02:14:11+00:00,0.546,0.441,337108,272280,983.0,794.0
2020-11-04 02:15:52+00:00,0.547,0.44,339320,272945,2212.0,665.0
2020-11-04 02:17:02+00:00,0.547,0.439,340834,273539,1514.0,594.0
2020-11-04 02:17:21+00:00,0.549,0.438,346227,276225,5393.0,2686.0
2020-11-04 02:22:22+00:00,0.551,0.435,368521,290938,22294.0,14713.0
2020-11-04 02:25:02+00:00,0.552,0.435,380674,299987,12153.0,9049.0
2020-11-04 02:25:21+00:00,0.551,0.435,382063,301629,1389.0,1642.0
2020-11-04 02:27:03+00:00,0.554,0.432,398015,310365,15952.0,8736.0
2020-11-04 02:29:59+00:00,0.554,0.432,409845,319591,11830.0,9226.0
2020-11-04 02:32:04+00:00,0.552,0.434,431849,339533,22004.0,19942.0
2020-11-04 02:32:46+00:00,0.552,0.434,432698,340201,849.0,668.0
2020-11-04 02:34:42+00:00,0.552,0.434,437804,344216,5106.0,4015.0
2020-11-04 02:37:42+00:00,0.545,0.441,449599,363804,11795.0,19588.0
2020-11-04 02:38:15+00:00,0.545,0.441,449702,363887,103.0,83.0
2020-11-04 02:42:28+00:00,0.544,0.443,513056,417801,63354.0,53914.0
2020-11-04 02:46:07+00:00,0.543,0.444,518046,423596,4990.0,5795.0
2020-11-04 02:53:13+00:00,0.542,0.445,519972,426914,1926.0,3318.0
2020-11-04 02:55:36+00:00,0.543,0.444,525156,429410,5184.0,2496.0
2020-11-04 02:58:46+00:00,0.543,0.443,529434,431932,4278.0,2522.0
2020-11-04 02:59:42+00:00,0.543,0.444,530311,433625,877.0,1693.0
2020-11-04 03:05:34+00:00,0.551,0.435,585346,462115,55035.0,28490.0
2020-11-04 03:05:54+00:00,0.551,0.436,586527,464112,1181.0,1997.0
2020-11-04 03:09:19+00:00,0.554,0.432,600712,468425,14185.0,4313.0
2020-11-04 03:10:05+00:00,0.554,0.432,601250,468844,538.0,419.0
2020-11-04 03:12:58+00:00,0.555,0.431,615843,478249,14593.0,9405.0
2020-11-04 03:20:37+00:00,0.555,0.431,616683,478902,840.0,653.0
2020-11-04 03:21:02+00:00,0.559,0.427,668114,510348,51431.0,31446.0
2020-11-04 03:26:19+00:00,0.562,0.424,684577,516478,16463.0,6130.0
2020-11-04 03:30:19+00:00,0.56,0.426,696840,530097,12263.0,13619.0
2020-11-04 03:32:27+00:00,0.56,0.426,701471,533619,4631.0,3522.0
2020-11-04 03:37:56+00:00,0.557,0.429,752349,579458,50878.0,45839.0
2020-11-04 03:43:22+00:00,0.563,0.423,778724,585080,26375.0,5622.0
2020-11-04 03:48:53+00:00,0.562,0.423,781920,588527,3196.0,3447.0
2020-11-04 03:55:13+00:00,0.564,0.422,793607,593798,11687.0,5271.0
2020-11-04 04:05:29+00:00,0.564,0.421,793820,592550,213.0,-1248.0
2020-11-04 04:07:47+00:00,0.565,0.421,803254,598531,9434.0,5981.0
2020-11-04 04:14:13+00:00,0.565,0.421,803479,598699,225.0,168.0
2020-11-04 04:16:38+00:00,0.566,0.42,817641,606730,14162.0,8031.0
2020-11-04 04:20:22+00:00,0.566,0.42,817787,606839,146.0,109.0
2020-11-04 04:21:44+00:00,0.566,0.42,817878,606906,91.0,67.0
2020-11-04 04:32:03+00:00,0.567,0.419,870172,643037,52294.0,36131.0
2020-11-04 04:32:54+00:00,0.566,0.42,890930,661114,20758.0,18077.0
2020-11-04 04:37:22+00:00,0.566,0.42,892718,662441,1788.0,1327.0
2020-11-04 04:42:22+00:00,0.566,0.42,896476,665230,3758.0,2789.0
2020-11-04 04:47:46+00:00,0.568,0.418,910820,670287,14344.0,5057.0
2020-11-04 05:08:41+00:00,0.573,0.413,972051,700623,61231.0,30336.0
2020-11-04 05:24:32+00:00,0.573,0.413,986516,711049,14465.0,10426.0
2020-11-04 05:34:05+00:00,0.573,0.413,993953,716409,7437.0,5360.0
2020-11-04 05:39:36+00:00,0.574,0.412,998532,716716,4579.0,307.0
2020-11-04 05:51:18+00:00,0.576,0.409,1031460,732409,32928.0,15693.0
2020-11-04 05:53:19+00:00,0.576,0.409,1031774,732631,314.0,222.0
2020-11-04 06:24:53+00:00,0.58,0.406,1074882,752417,43108.0,19786.0
2020-11-04 06:31:52+00:00,0.579,0.407,1086099,763458,11217.0,11041.0
2020-11-04 06:39:51+00:00,0.577,0.409,1100090,779786,13991.0,16328.0
2020-11-04 07:28:52+00:00,0.568,0.418,1149985,846292,49895.0,66506.0
2020-11-04 07:31:48+00:00,0.561,0.425,1176682,891426,26697.0,45134.0
2020-11-04 08:07:52+00:00,0.556,0.43,1191955,921836,15273.0,30410.0
2020-11-04 11:28:51+00:00,0.563,0.423,1278529,960600,86574.0,38764.0
2020-11-04 12:16:50+00:00,0.563,0.423,1290278,969427,11749.0,8827.0
2020-11-04 15:26:52+00:00,0.563,0.424,1293128,973866,2850.0,4439.0
2020-11-04 16:39:50+00:00,0.563,0.424,1293199,973919,71.0,53.0
2020-11-04 17:38:50+00:00,0.563,0.424,1293505,974150,306.0,231.0
2020-11-04 18:32:00+00:00,0.563,0.424,1293797,974369,292.0,219.0
2020-11-04 19:02:57+00:00,0.562,0.424,1305923,985252,12126.0,10883.0
2020-11-04 19:17:50+00:00,0.562,0.424,1306120,985400,197.0,148.0
2020-11-04 21:07:53+00:00,0.562,0.425,1306607,988093,487.0,2693.0
2020-11-04 23:05:51+00:00,0.562,0.425,1307539,988797,932.0,704.0
2020-11-05 00:58:51+00:00,0.561,0.425,1311530,993584,3991.0,4787.0
2020-11-05 01:25:50+00:00,0.561,0.425,1312432,994267,902.0,683.0
2020-11-05 01:39:50+00:00,0.561,0.426,1312810,996893,378.0,2626.0
2020-11-05 03:11:43+00:00,0.561,0.426,1313277,997248,467.0,355.0
2020-11-05 05:11:45+00:00,0.561,0.426,1314054,997838,777.0,590.0
2020-11-05 13:15:54+00:00,0.561,0.426,1314845,998439,791.0,601.0
2020-11-05 15:14:45+00:00,0.561,0.426,1315165,998682,320.0,243.0
2020-11-05 17:05:53+00:00,0.56,0.426,1313481,999183,-1684.0,501.0
2020-11-05 19:03:49+00:00,0.56,0.426,1314271,999785,790.0,602.0
2020-11-05 21:06:43+00:00,0.56,0.426,1315403,1000646,1132.0,861.0
2020-11-05 21:12:34+00:00,0.546,0.441,1348171,1088907,32768.0,88261.0
2020-11-05 22:00:39+00:00,0.545,0.442,1363227,1105590,15056.0,16683.0
2020-11-05 22:40:40+00:00,0.545,0.442,1363228,1105591,1.0,1.0
2020-11-06 15:16:39+00:00,0.545,0.442,1363229,1105591,1.0,0.0
2020-11-06 15:26:40+00:00,0.545,0.442,1363230,1105592,1.0,1.0
2020-11-06 15:57:39+00:00,0.545,0.442,1363234,1105595,4.0,3.0
2020-11-06 16:08:39+00:00,0.545,0.442,1363237,1105598,3.0,3.0
2020-11-06 16:28:40+00:00,0.545,0.442,1363238,1105599,1.0,1.0
2020-11-06 16:42:39+00:00,0.545,0.442,1363269,1105624,31.0,25.0
2020-11-06 16:43:38+00:00,0.545,0.442,1363294,1105644,25.0,20.0
2020-11-06 17:04:38+00:00,0.545,0.442,1363337,1105678,43.0,34.0
2020-11-06 17:25:39+00:00,0.545,0.442,1363366,1105702,29.0,24.0
2020-11-06 17:29:39+00:00,0.545,0.442,1363375,1105709,9.0,7.0
2020-11-06 17:31:39+00:00,0.545,0.442,1363377,1105712,2.0,3.0
2020-11-06 17:33:39+00:00,0.545,0.442,1363388,1105720,11.0,8.0
2020-11-06 17:36:39+00:00,0.545,0.442,1363453,1105773,65.0,53.0
2020-11-06 17:37:39+00:00,0.545,0.442,1363454,1105774,1.0,1.0
2020-11-06 18:04:38+00:00,0.545,0.442,1363466,1105783,12.0,9.0
2020-11-06 18:05:39+00:00,0.545,0.442,1363489,1105802,23.0,19.0
2020-11-06 18:08:38+00:00,0.545,0.442,1363494,1105806,5.0,4.0
2020-11-06 18:12:39+00:00,0.545,0.442,1363710,1105982,216.0,176.0
2020-11-06 18:14:40+00:00,0.545,0.442,1363722,1105991,12.0,9.0
2020-11-06 18:22:38+00:00,0.545,0.442,1363734,1106001,12.0,10.0
2020-11-06 18:38:38+00:00,0.545,0.442,1363912,1106145,178.0,144.0
2020-11-06 18:42:38+00:00,0.545,0.442,1363914,1106147,2.0,2.0
2020-11-06 18:43:38+00:00,0.545,0.442,1364029,1106240,115.0,93.0
2020-11-06 18:45:39+00:00,0.545,0.442,1364127,1106320,98.0,80.0
2020-11-06 19:03:39+00:00,0.545,0.442,1364179,1106361,52.0,41.0
2020-11-06 19:04:38+00:00,0.545,0.442,1364779,1106848,600.0,487.0
2020-11-06 19:06:39+00:00,0.545,0.442,1365515,1107445,736.0,597.0
2020-11-06 19:24:39+00:00,0.545,0.442,1365562,1107483,47.0,38.0
2020-11-06 19:28:40+00:00,0.545,0.442,1365983,1107825,421.0,342.0
2020-11-06 19:31:39+00:00,0.545,0.442,1365990,1107830,7.0,5.0
2020-11-06 20:10:38+00:00,0.545,0.442,1366005,1107843,15.0,13.0
2020-11-06 20:31:39+00:00,0.545,0.442,1366046,1107876,41.0,33.0
2020-11-06 20:37:39+00:00,0.545,0.442,1366198,1107999,152.0,123.0
2020-11-06 20:47:38+00:00,0.545,0.442,1366223,1108019,25.0,20.0
2020-11-06 20:54:38+00:00,0.545,0.442,1366316,1108095,93.0,76.0
2020-11-06 20:56:10+00:00,0.545,0.442,1366465,1108216,149.0,121.0
2020-11-06 21:18:39+00:00,0.545,0.442,1366537,1108274,72.0,58.0
2020-11-06 21:27:38+00:00,0.545,0.442,1366909,1108575,372.0,301.0
2020-11-06 21:36:39+00:00,0.545,0.442,1366910,1108577,1.0,2.0
2020-11-06 21:53:40+00:00,0.545,0.442,1366944,1108604,34.0,27.0
2020-11-06 21:55:38+00:00,0.545,0.442,1367597,1109134,653.0,530.0
2020-11-06 23:44:38+00:00,0.545,0.442,1367610,1109145,13.0,11.0
2020-11-07 01:33:38+00:00,0.545,0.442,1369342,1110549,1732.0,1404.0
2020-11-07 16:58:40+00:00,0.545,0.442,1369578,1110741,236.0,192.0
