timestamp,republican__percent,democrat__percent,republican__count,democrat__count,republican__delta,democrat__delta
2020-11-04 00:11:44+00:00,0.054,0.946,18,315,,
2020-11-04 00:12:32+00:00,0.451,0.549,405,493,387.0,178.0
2020-11-04 00:14:02+00:00,0.548,0.452,709,584,304.0,91.0
2020-11-04 00:15:05+00:00,0.72,0.28,3586,1395,2877.0,811.0
2020-11-04 00:16:00+00:00,0.717,0.283,3935,1553,349.0,158.0
2020-11-04 00:21:25+00:00,0.617,0.383,16292,10113,12357.0,8560.0
2020-11-04 00:21:54+00:00,0.616,0.384,16816,10482,524.0,369.0
2020-11-04 00:24:25+00:00,0.623,0.377,57599,34856,40783.0,24374.0
2020-11-04 00:25:04+00:00,0.631,0.369,64193,37539,6594.0,2683.0
2020-11-04 00:26:09+00:00,0.633,0.367,65117,37753,924.0,214.0
2020-11-04 00:30:53+00:00,0.635,0.365,67539,38821,2422.0,1068.0
2020-11-04 00:33:24+00:00,0.628,0.372,72666,43044,5127.0,4223.0
2020-11-04 00:34:01+00:00,0.628,0.372,74864,44346,2198.0,1302.0
2020-11-04 00:34:52+00:00,0.628,0.372,75333,44624,469.0,278.0
2020-11-04 00:35:17+00:00,0.489,0.511,181326,189483,105993.0,144859.0
2020-11-04 00:36:02+00:00,0.491,0.509,184726,191499,3400.0,2016.0
2020-11-04 00:37:15+00:00,0.499,0.501,195147,195930,10421.0,4431.0
2020-11-04 00:38:46+00:00,0.499,0.501,195422,196206,275.0,276.0
2020-11-04 00:45:27+00:00,0.514,0.486,211926,200381,16504.0,4175.0
2020-11-04 00:46:04+00:00,0.549,0.451,314357,258242,102431.0,57861.0
2020-11-04 00:50:14+00:00,0.549,0.451,323977,266145,9620.0,7903.0
2020-11-04 00:50:40+00:00,0.542,0.458,329939,278805,5962.0,12660.0
2020-11-04 00:53:08+00:00,0.547,0.453,340275,281800,10336.0,2995.0
2020-11-04 00:55:10+00:00,0.55,0.45,347866,284617,7591.0,2817.0
2020-11-04 00:55:26+00:00,0.55,0.45,348804,285385,938.0,768.0
2020-11-04 00:57:17+00:00,0.564,0.436,457240,353470,108436.0,68085.0
2020-11-04 00:58:44+00:00,0.565,0.435,460247,354349,3007.0,879.0
2020-11-04 01:05:03+00:00,0.565,0.435,461013,354940,766.0,591.0
2020-11-04 01:06:05+00:00,0.575,0.425,609766,450697,148753.0,95757.0
2020-11-04 01:09:55+00:00,0.574,0.426,618013,458665,8247.0,7968.0
2020-11-04 01:11:32+00:00,0.574,0.426,637994,473493,19981.0,14828.0
2020-11-04 01:12:22+00:00,0.574,0.426,673060,499518,35066.0,26025.0
2020-11-04 01:13:46+00:00,0.574,0.426,673588,499910,528.0,392.0
2020-11-04 01:15:00+00:00,0.574,0.426,674547,500622,959.0,712.0
2020-11-04 01:19:06+00:00,0.574,0.426,680231,504840,5684.0,4218.0
2020-11-04 01:20:40+00:00,0.573,0.427,683847,509603,3616.0,4763.0
2020-11-04 01:21:02+00:00,0.572,0.428,689182,515682,5335.0,6079.0
2020-11-04 01:22:28+00:00,0.574,0.426,719927,534301,30745.0,18619.0
2020-11-04 01:23:14+00:00,0.572,0.428,737245,551644,17318.0,17343.0
2020-11-04 01:24:12+00:00,0.573,0.427,743294,553903,6049.0,2259.0
2020-11-04 01:25:12+00:00,0.573,0.427,746569,556344,3275.0,2441.0
2020-11-04 01:26:10+00:00,0.57,0.43,768919,580061,22350.0,23717.0
2020-11-04 01:27:07+00:00,0.57,0.43,770122,580969,1203.0,908.0
2020-11-04 01:29:21+00:00,0.57,0.43,771015,581643,893.0,674.0
2020-11-04 01:32:13+00:00,0.57,0.43,773798,583743,2783.0,2100.0
2020-11-04 01:33:42+00:00,0.565,0.435,819364,630838,45566.0,47095.0
2020-11-04 01:41:19+00:00,0.566,0.434,825096,632671,5732.0,1833.0
2020-11-04 01:42:13+00:00,0.566,0.434,893202,684893,68106.0,52222.0
2020-11-04 01:43:29+00:00,0.566,0.434,898541,688987,5339.0,4094.0
2020-11-04 01:52:14+00:00,0.566,0.434,898960,689308,419.0,321.0
2020-11-04 01:53:23+00:00,0.566,0.434,910372,698059,11412.0,8751.0
2020-11-04 01:54:28+00:00,0.567,0.433,916926,700228,6554.0,2169.0
2020-11-04 01:55:04+00:00,0.567,0.433,940400,718153,23474.0,17925.0
2020-11-04 01:59:53+00:00,0.566,0.434,945575,725053,5175.0,6900.0
2020-11-04 02:03:12+00:00,0.566,0.434,945997,725375,422.0,322.0
2020-11-04 02:04:11+00:00,0.566,0.434,946347,725644,350.0,269.0
2020-11-04 02:05:10+00:00,0.568,0.432,993964,755973,47617.0,30329.0
2020-11-04 02:10:23+00:00,0.569,0.431,998928,756657,4964.0,684.0
2020-11-04 02:16:14+00:00,0.568,0.432,1000062,760611,1134.0,3954.0
2020-11-04 02:16:28+00:00,0.568,0.432,1015611,772437,15549.0,11826.0
2020-11-04 02:18:44+00:00,0.567,0.433,1039927,794159,24316.0,21722.0
2020-11-04 02:23:49+00:00,0.566,0.434,1040975,798203,1048.0,4044.0
2020-11-04 02:24:11+00:00,0.566,0.434,1041477,798588,502.0,385.0
2020-11-04 02:25:55+00:00,0.566,0.434,1068672,819441,27195.0,20853.0
2020-11-04 02:32:36+00:00,0.566,0.434,1069657,820196,985.0,755.0
2020-11-04 02:34:00+00:00,0.566,0.434,1070155,820579,498.0,383.0
2020-11-04 02:34:43+00:00,0.563,0.437,1070294,830761,139.0,10182.0
2020-11-04 02:36:32+00:00,0.562,0.438,1100143,857406,29849.0,26645.0
2020-11-04 02:44:24+00:00,0.562,0.438,1100361,857576,218.0,170.0
2020-11-04 02:46:11+00:00,0.56,0.44,1134040,891031,33679.0,33455.0
2020-11-04 02:48:30+00:00,0.56,0.44,1137045,893392,3005.0,2361.0
2020-11-04 02:56:41+00:00,0.526,0.474,1266022,1140863,128977.0,247471.0
2020-11-04 03:01:52+00:00,0.526,0.474,1266900,1141655,878.0,792.0
2020-11-04 03:02:43+00:00,0.527,0.473,1277529,1146624,10629.0,4969.0
2020-11-04 03:03:48+00:00,0.527,0.473,1278914,1147867,1385.0,1243.0
2020-11-04 03:06:32+00:00,0.527,0.473,1285266,1153569,6352.0,5702.0
2020-11-04 03:06:59+00:00,0.527,0.473,1287602,1155666,2336.0,2097.0
2020-11-04 03:10:25+00:00,0.527,0.473,1288089,1156102,487.0,436.0
2020-11-04 03:16:31+00:00,0.527,0.473,1293096,1160597,5007.0,4495.0
2020-11-04 03:18:16+00:00,0.526,0.474,1295260,1167212,2164.0,6615.0
2020-11-04 03:19:09+00:00,0.523,0.477,1302034,1187514,6774.0,20302.0
2020-11-04 03:27:14+00:00,0.523,0.477,1307970,1192929,5936.0,5415.0
2020-11-04 03:36:50+00:00,0.523,0.477,1309688,1194496,1718.0,1567.0
2020-11-04 03:39:18+00:00,0.523,0.477,1309906,1194695,218.0,199.0
2020-11-04 03:39:43+00:00,0.519,0.481,1317963,1221465,8057.0,26770.0
2020-11-04 03:41:08+00:00,0.519,0.481,1320364,1223690,2401.0,2225.0
2020-11-04 03:43:31+00:00,0.519,0.481,1321019,1224297,655.0,607.0
2020-11-04 03:44:41+00:00,0.519,0.481,1323407,1226511,2388.0,2214.0
2020-11-04 03:46:17+00:00,0.519,0.481,1325164,1228138,1757.0,1627.0
2020-11-04 03:47:17+00:00,0.519,0.481,1325725,1228659,561.0,521.0
2020-11-04 03:49:33+00:00,0.514,0.486,1336015,1263236,10290.0,34577.0
2020-11-04 03:53:30+00:00,0.513,0.487,1337909,1270101,1894.0,6865.0
2020-11-04 03:54:17+00:00,0.512,0.488,1340933,1278077,3024.0,7976.0
2020-11-04 03:54:38+00:00,0.512,0.488,1365368,1301367,24435.0,23290.0
2020-11-04 04:00:25+00:00,0.512,0.488,1365370,1301368,2.0,1.0
2020-11-04 04:03:44+00:00,0.504,0.496,1380365,1358454,14995.0,57086.0
2020-11-04 04:15:50+00:00,0.5,0.5,1396965,1396965,16600.0,38511.0
2020-11-04 04:22:32+00:00,0.5,0.5,1404634,1404634,7669.0,7669.0
2020-11-04 04:22:59+00:00,0.501,0.499,1413905,1408260,9271.0,3626.0
2020-11-04 04:33:27+00:00,0.496,0.504,1465464,1489100,51559.0,80840.0
2020-11-04 04:38:48+00:00,0.496,0.504,1465492,1489129,28.0,29.0
2020-11-04 04:39:12+00:00,0.496,0.504,1465500,1489137,8.0,8.0
2020-11-04 04:44:30+00:00,0.497,0.503,1504464,1522626,38964.0,33489.0
2020-11-04 04:45:54+00:00,0.466,0.534,1507662,1727664,3198.0,205038.0
2020-11-04 04:46:51+00:00,0.465,0.535,1534806,1765852,27144.0,38188.0
2020-11-04 04:48:09+00:00,0.465,0.535,1536741,1768078,1935.0,2226.0
2020-11-04 04:52:47+00:00,0.466,0.534,1545112,1770580,8371.0,2502.0
2020-11-04 04:56:22+00:00,0.465,0.535,1542940,1775210,-2172.0,4630.0
2020-11-04 05:07:23+00:00,0.466,0.534,1568573,1797463,25633.0,22253.0
2020-11-04 05:20:34+00:00,0.496,0.504,1566269,1591531,-2304.0,-205932.0
2020-11-04 05:26:20+00:00,0.491,0.509,1625860,1685463,59591.0,93932.0
2020-11-04 05:26:48+00:00,0.463,0.537,1713937,1987871,88077.0,302408.0
2020-11-04 05:31:50+00:00,0.491,0.509,1625860,1685463,-88077.0,-302408.0
2020-11-04 05:38:42+00:00,0.489,0.511,1642607,1716507,16747.0,31044.0
2020-11-04 05:43:50+00:00,0.489,0.511,1643098,1717020,491.0,513.0
2020-11-04 05:59:12+00:00,0.486,0.514,1654326,1749636,11228.0,32616.0
2020-11-04 06:26:01+00:00,0.486,0.514,1655458,1750835,1132.0,1199.0
2020-11-04 06:44:48+00:00,0.486,0.514,1660328,1755984,4870.0,5149.0
2020-11-04 07:18:03+00:00,0.46,0.54,1751127,2055670,90799.0,299686.0
2020-11-04 09:00:01+00:00,0.447,0.553,1818683,2249959,67556.0,194289.0
2020-11-04 09:59:54+00:00,0.444,0.556,1868536,2339879,49853.0,89920.0
2020-11-04 13:01:01+00:00,0.444,0.556,1868542,2339886,6.0,7.0
2020-11-04 13:02:13+00:00,0.444,0.556,1868749,2340145,207.0,259.0
2020-11-04 14:01:56+00:00,0.444,0.556,1868758,2340156,9.0,11.0
2020-11-04 17:01:18+00:00,0.444,0.556,1869024,2340490,266.0,334.0
2020-11-04 17:59:59+00:00,0.444,0.556,1870286,2342070,1262.0,1580.0
2020-11-04 19:00:07+00:00,0.444,0.556,1870289,2342074,3.0,4.0
2020-11-04 19:01:15+00:00,0.444,0.556,1870592,2342454,303.0,380.0
2020-11-04 19:03:11+00:00,0.444,0.556,1871100,2343090,508.0,636.0
2020-11-04 19:04:04+00:00,0.444,0.556,1871110,2343102,10.0,12.0
2020-11-04 20:02:57+00:00,0.444,0.556,1871157,2343160,47.0,58.0
2020-11-04 21:00:22+00:00,0.444,0.556,1872975,2345438,1818.0,2278.0
2020-11-04 21:01:17+00:00,0.444,0.556,1872982,2345446,7.0,8.0
2020-11-04 21:59:58+00:00,0.443,0.557,1897221,2385445,24239.0,39999.0
2020-11-04 23:00:57+00:00,0.444,0.556,1901796,2381528,4575.0,-3917.0
2020-11-05 03:12:24+00:00,0.444,0.556,1901796,2381528,0.0,0.0
2020-11-05 13:15:47+00:00,0.444,0.556,1903255,2383355,1459.0,1827.0
2020-11-05 21:15:37+00:00,0.443,0.557,1902450,2392019,-805.0,8664.0
2020-11-05 22:15:31+00:00,0.443,0.557,1902798,2392456,348.0,437.0
2020-11-05 23:15:28+00:00,0.443,0.557,1903006,2392718,208.0,262.0
2020-11-06 01:15:27+00:00,0.443,0.557,1905187,2395461,2181.0,2743.0
2020-11-06 03:15:30+00:00,0.443,0.557,1905194,2395469,7.0,8.0
2020-11-06 04:06:57+00:00,0.443,0.557,1905195,2395470,1.0,1.0
2020-11-06 14:15:27+00:00,0.443,0.557,1905195,2395472,0.0,2.0
2020-11-06 15:15:29+00:00,0.443,0.557,1905314,2395621,119.0,149.0
2020-11-06 16:45:28+00:00,0.443,0.557,1905455,2395797,141.0,176.0
2020-11-06 17:45:33+00:00,0.443,0.557,1905457,2395800,2.0,3.0
2020-11-06 18:45:35+00:00,0.443,0.557,1905565,2395936,108.0,136.0
2020-11-06 18:45:47+00:00,0.443,0.557,1905566,2395937,1.0,1.0
2020-11-06 19:30:39+00:00,0.443,0.557,1905883,2396335,317.0,398.0
2020-11-06 20:30:48+00:00,0.442,0.558,1908909,2409890,3026.0,13555.0
2020-11-06 21:30:39+00:00,0.442,0.558,1910191,2411507,1282.0,1617.0
2020-11-06 22:30:36+00:00,0.442,0.558,1911766,2413497,1575.0,1990.0
2020-11-06 23:30:31+00:00,0.442,0.558,1912399,2414295,633.0,798.0
2020-11-07 00:30:33+00:00,0.442,0.558,1914115,2416462,1716.0,2167.0
2020-11-07 01:30:26+00:00,0.442,0.558,1915928,2418750,1813.0,2288.0
2020-11-07 02:30:36+00:00,0.442,0.558,1916096,2418963,168.0,213.0
2020-11-07 14:30:33+00:00,0.442,0.558,1917535,2420780,1439.0,1817.0
2020-11-07 15:30:28+00:00,0.442,0.558,1917596,2420856,61.0,76.0
2020-11-07 18:30:40+00:00,0.441,0.559,1915729,2428328,-1867.0,7472.0
2020-11-07 19:30:34+00:00,0.441,0.559,1915762,2428370,33.0,42.0
2020-11-07 21:30:28+00:00,0.441,0.559,1916203,2428929,441.0,559.0
2020-11-07 22:30:29+00:00,0.441,0.559,1916256,2428996,53.0,67.0
2020-11-08 02:30:33+00:00,0.441,0.559,1916305,2429058,49.0,62.0
2020-11-08 15:30:28+00:00,0.441,0.559,1916390,2429165,85.0,107.0
2020-11-08 16:30:28+00:00,0.441,0.559,1919770,2433450,3380.0,4285.0
